1
256 256 250 174 34
220 185 278
251 119 373
33 103 895
172 47 290
38 132 922
189 25 474
29 208 216
140 42 870
18 210 48
123 149 155
219 73 813
144 238 847
233 126 705
205 56 524
128 239 325
130 220 515
180 92 676
85 133 800
152 92 969
234 93 924
10 227 254
55 6 720
133 6 741
182 40 148
235 25 146
68 128 265
64 150 119
104 15 837
91 64 460
38 109 786
13 71 877
190 181 637
26 241 469
253 248 227
47 223 752
167 27 553
86 164 618
256 57 956
31 252 185
201 135 659
205 195 407
112 42 755
248 134 368
16 255 232
107 79 436
236 88 880
18 27 73
134 53 364
112 216 40
68 150 914
223 42 359
167 63 594
195 83 347
157 248 131
239 132 710
50 54 147
136 42 681
5 41 358
99 241 124
27 154 717
186 75 525
179 111 253
43 252 12
239 123 509
135 71 357
78 120 27
50 22 975
128 9 403
222 1 665
231 75 200
159 9 288
134 99 781
101 125 600
166 91 861
40 165 685
182 92 67
97 51 434
239 109 504
25 11 863
142 209 713
225 152 792
98 253 317
182 187 8
201 137 408
12 78 481
20 217 328
103 31 618
93 135 770
95 212 505
12 220 985
57 95 417
241 128 819
38 253 678
179 12 505
92 208 699
70 77 50
116 250 440
17 31 681
168 200 453
249 102 388
237 77 981
159 132 781
12 182 818
178 229 529
122 159 696
174 20 168
208 57 961
38 160 847
71 154 582
104 161 258
231 107 368
1 127 174
89 46 429
201 79 247
115 123 737
214 255 601
143 157 809
171 69 875
126 216 681
32 214 423
142 229 669
11 152 226
80 183 304
242 255 617
112 62 399
114 6 129
179 227 44
69 149 707
256 40 331
225 134 291
231 96 512
236 141 562
12 139 832
169 114 724
42 170 605
124 67 67
15 222 990
82 248 901
212 226 273
87 235 505
107 136 598
44 12 547
99 214 60
107 241 962
136 96 442
216 105 205
67 16 888
105 191 961
108 82 114
124 201 256
115 39 39
255 251 143
187 103 508
146 23 920
69 249 757
160 217 821
29 163 664
198 230 358
213 78 687
169 177 545
136 106 563
252 151 383
136 195 532
195 189 648
213 95 68
44 113 208
63 212 318
94 90 176
1 53 116
135 4 817
73 231 36
55 129 425
100 135 655
251 131 316
227 13 702
23 173 244
198 114 252
15 41 881
98 244 574
160 103 211
5 128 835
30 3 938
121 212 109
54 167 387
2 81 829
155 211 307
88 125 34
252 51 789
66 125 255
83 90 852
41 147 358
237 190 797
132 163 967
216 146 677
60 183 795
168 30 819
232 243 745
217 236 504
94 215 250
185 193 250
234 165 433
135 1 382
41 199 469
101 31 11
91 136 287
19 127 642
103 109 660
49 152 625
35 34 77
167 4 165
138 50 39
9 120 765
122 92 467
54 83 113
66 15 229
174 168 731
4 30 288
18 145 731
112 89 977
144 166 708
53 58 979
35 42 439
2 227 897
229 173 149
148 246 124
36 97 195
171 15 6
233 74 944
251 51 774
240 46 360
19 112 89
8 47 950
20 248 794
28 24 934
110 232 603
72 255 573
39 54 727
104 198 601
35 122 863
192 14 139
50 160 101
95 191 847
256 4 219
165 75 919
224 113 730
186 159 127
221 206 344
157 216 4
249 163 871
238 213 92
23 200 289
11 176 57
31 112 428
189 92 874
181 237 302
59 248 384
62 136 877
109 40 923
190 210 931
134 235 684
172 62 673
148 253 552
145 16 797
201 131 634
151 162 893
136 213 439
125 96 196
206 82 114
256 9 162
142 122 508
174 111 697
163 228 194
229 28 779
18 205 662
134 44 727
182 73 406
157 115 770
209 16 660
209 11 650
230 195 42
216 81 665
192 87 775
206 167 941
240 247 206
122 77 321
184 30 124
94 35 188
208 219 49
45 29 631
155 127 836
105 88 599
23 235 349
153 167 792
76 104 6
181 62 510
30 26 590
199 134 49
116 103 559
222 228 762
253 132 885
39 72 840
103 185 62
245 179 547
112 166 453
88 145 495
143 168 863
98 212 640
16 194 719
120 21 805
142 47 542
36 115 504
132 241 908
195 167 231
107 10 659
141 59 847
250 231 9
93 151 610
237 208 790
138 82 605
113 196 444
219 121 688
82 136 290
219 220 758
159 132 599
166 248 932
190 7 62
116 249 217
255 151 57
248 168 835
1 115 221
246 125 468
179 47 64
103 77 509
221 220 745
129 160 278
30 42 999
223 215 988
60 140 835
1 147 170
179 61 337
230 53 622
202 104 385
51 256 406
127 256 42
187 58 500
19 177 734
177 115 35
185 159 375
7 107 657
232 185 316
62 20 733
132 117 575
84 162 261
67 170 789
19 31 126
238 126 345
26 151 746
199 96 904
95 66 856
65 5 687
221 28 749
165 253 709
39 190 874
153 81 477
214 15 847
114 36 585
141 78 913
148 47 907
71 25 855
241 219 160
219 155 492
56 65 903
193 102 624
44 210 305
254 133 292
248 231 318
5 58 664
212 195 842
62 161 324
1 220 509
145 155 586
188 17 777
187 120 969
204 189 455
174 150 447
73 66 502
174 37 852
65 238 456
129 145 982
143 238 777
16 138 222
142 17 615
185 229 381
19 112 132
39 159 228
248 26 569
84 19 724
103 42 251
86 189 12
59 197 1
143 244 394
121 120 949
164 191 827
37 209 709
20 140 609
179 172 219
29 206 219
30 200 711
35 12 110
19 207 902
192 198 417
113 186 430
93 49 877
247 95 945
140 10 605
237 142 683
117 126 308
255 31 485
169 213 334
212 160 540
101 102 822
218 159 12
6 116 177
31 53 771
26 126 370
135 52 508
108 246 996
113 50 306
77 61 110
8 84 116
247 130 979
211 142 474
246 108 762
11 75 184
140 79 469
255 52 299
54 77 302
113 112 193
174 190 939
180 51 989
119 193 696
109 17 676
195 140 109
29 126 526
251 230 661
47 235 561
131 199 130
47 3 417
73 86 806
201 143 136
232 116 780
85 122 897
19 220 421
50 8 520
253 146 333
20 207 887
179 100 698
3 122 103
42 65 18
226 28 728
136 196 284
241 3 59
240 181 559
204 57 931
58 49 224
38 220 410
78 85 151
100 162 989
30 252 688
111 156 508
94 139 242
173 168 472
164 211 76
157 56 378
194 175 509
23 45 351
47 209 671
47 123 630
200 77 344
173 206 830
61 230 721
248 27 268
233 4 339
55 218 617
254 70 535
135 58 18
168 189 221
224 190 66
87 139 699
237 235 566
76 129 970
254 20 183
75 85 467
216 75 312
49 78 378
69 58 480
186 84 598
117 64 242
251 145 622
5 88 241
127 44 166
184 121 935
128 11 667
32 216 449
192 237 891
52 176 829
