1
64 2015 190 29 42
40 26 680
27 52 83
21 9 266
7 56 347
24 26 130
28 31 775
23 52 963
42 41 204
2 62 728
20 48 338
48 28 436
58 4 405
9 10 574
8 60 860
10 5 736
34 13 903
5 54 371
54 47 760
21 19 795
4 43 675
43 5 764
9 16 999
4 26 606
9 49 840
5 37 787
62 10 498
29 14 819
13 50 302
52 58 499
34 47 769
50 10 85
64 46 739
49 50 924
61 8 62
21 56 470
39 46 692
1 18 501
19 6 746
26 50 115
30 52 728
20 7 651
46 11 635
52 46 379
17 29 412
43 4 269
46 16 1
13 8 436
12 2 295
34 42 244
61 63 477
5 10 8
34 56 392
32 11 699
8 24 196
60 12 902
43 16 159
63 42 661
18 1 728
24 3 773
5 43 583
50 39 32
52 30 525
15 60 792
10 55 123
29 1 294
18 20 702
28 6 291
18 60 948
44 18 191
2 21 520
5 57 8
60 45 151
45 7 379
42 46 607
37 56 741
59 3 688
51 7 258
57 14 223
17 60 857
17 9 158
20 28 622
28 40 819
2 63 468
4 39 618
35 41 509
32 46 855
22 40 962
15 40 991
2 29 230
48 54 445
1 16 722
3 34 869
14 43 454
2 35 880
24 16 166
5 6 376
23 33 442
63 49 365
32 31 502
43 45 572
6 11 931
51 2 428
25 30 635
61 54 561
49 43 650
7 46 549
14 8 894
53 8 666
54 22 648
34 63 440
42 57 166
26 12 275
10 8 761
52 60 89
30 47 988
44 46 429
35 15 24
19 41 919
15 31 825
11 20 221
33 53 859
33 28 673
58 36 957
23 16 110
64 40 306
36 5 891
56 24 202
55 37 6
25 37 730
29 37 383
17 33 258
16 56 266
20 33 186
51 54 932
3 63 989
43 2 80
41 19 217
38 4 765
22 63 956
58 33 485
20 17 845
9 58 945
21 51 337
40 58 427
24 14 253
27 44 513
33 8 371
29 12 5
36 38 445
61 25 571
38 64 813
58 18 789
13 21 928
64 14 644
53 19 496
59 40 770
22 11 511
19 55 98
46 54 498
5 27 305
42 34 464
5 50 801
52 33 754
9 12 871
11 42 61
44 2 714
37 4 44
37 5 252
53 16 411
40 23 470
37 24 298
16 60 883
2 20 281
10 64 465
47 24 362
46 58 645
27 39 574
35 42 733
19 32 876
61 29 451
40 41 319
55 30 447
23 21 65
54 48 331
40 2 391
28 20 56
50 60 423
38 6 150
43 37 275
9 3 261
58 23 771
56 35 774
20 24 880
59 35 187
33 23 775
44 28 781
41 12 886
52 31 973
55 6 62
61 38 411
25 53 867
17 41 570
27 31 806
43 44 88
23 17 841
29 13 207
47 63 231
40 47 231
54 64 256
49 52 403
35 11 706
56 34 435
17 3 834
56 55 354
52 23 221
36 1 635
19 60 695
62 7 362
22 60 666
8 34 777
63 59 652
36 58 696
56 32 658
36 63 139
18 28 860
41 15 288
54 62 287
37 52 498
55 46 844
52 35 380
17 18 297
2 3 314
59 37 864
56 38 800
41 25 635
33 48 798
33 5 457
2 8 990
52 7 235
35 45 424
12 40 561
12 48 766
55 16 252
12 16 808
36 50 316
42 43 163
20 55 271
43 34 423
30 36 143
15 58 944
39 5 706
41 57 111
48 59 271
27 59 984
16 15 818
45 64 81
60 16 952
18 62 777
1 38 376
15 10 557
33 32 265
45 60 839
56 16 643
20 47 500
19 21 822
51 40 471
47 55 969
19 23 775
2 51 861
22 14 275
61 46 614
5 63 247
10 40 335
32 61 832
16 4 120
62 1 756
29 32 847
1 7 428
59 50 446
6 64 972
14 18 77
52 44 344
36 7 625
64 44 462
45 55 319
8 12 197
15 16 629
45 47 153
41 50 662
37 50 170
50 31 478
1 47 724
29 64 804
21 28 226
22 8 461
44 5 204
19 52 228
57 2 738
18 49 349
21 47 923
18 2 364
61 19 122
7 57 356
56 61 775
42 23 990
6 17 742
10 20 693
39 60 732
11 43 856
60 35 755
1 26 9
12 35 710
44 50 193
27 8 441
64 29 1
18 31 854
60 21 544
5 33 568
50 11 756
24 44 593
24 9 383
43 40 521
24 31 36
41 62 527
27 33 27
47 59 650
11 14 393
52 19 911
1 41 935
22 3 687
45 36 514
38 56 417
2 56 545
31 49 764
13 25 802
20 10 209
22 58 623
3 51 891
41 20 979
1 36 738
34 33 154
59 14 717
52 56 134
57 63 871
7 10 520
20 37 32
19 28 464
37 29 151
18 58 399
47 43 318
40 53 914
54 35 237
37 35 47
58 16 460
38 54 642
56 14 408
36 61 214
34 2 637
9 50 292
1 35 520
1 59 527
47 44 704
24 27 498
36 48 211
4 37 961
20 49 67
40 12 330
45 44 533
52 3 619
5 15 777
48 14 280
50 44 642
19 57 259
1 52 385
60 62 907
12 8 926
13 56 801
23 49 731
33 22 938
20 51 366
38 21 690
4 15 300
5 59 874
14 59 133
13 24 998
18 61 523
1 20 110
64 43 987
34 35 403
36 21 694
52 2 374
30 50 834
34 18 580
22 19 493
61 15 771
26 1 850
20 26 389
41 5 253
36 32 171
56 53 71
49 37 558
7 58 816
19 61 856
42 5 577
6 9 644
64 56 175
31 14 509
58 10 156
7 25 830
28 15 877
36 28 978
64 31 558
50 49 265
12 52 578
39 38 33
2 9 163
10 31 753
60 8 132
7 1 771
19 9 413
30 46 281
4 1 170
34 7 199
48 7 355
35 62 293
61 50 299
60 6 618
58 9 227
53 54 263
24 2 345
46 5 337
32 33 163
60 49 334
39 1 799
34 57 359
11 32 826
60 36 233
47 40 713
61 16 178
26 52 148
15 41 479
62 46 11
8 47 293
40 25 42
44 59 430
34 28 441
60 22 119
53 33 870
63 44 47
34 39 387
26 62 793
26 30 975
24 12 42
38 18 721
48 60 404
27 28 329
45 16 237
15 42 382
1 14 312
12 47 325
2 28 515
52 28 676
21 4 800
24 29 969
42 29 924
10 35 254
6 55 720
5 7 741
54 40 148
43 25 146
4 64 265
64 21 119
40 15 837
27 12 806
18 44 525
6 46 190
53 62 26
48 21 509
35 56 303
30 49 423
27 42 598
35 43 512
57 61 287
59 57 713
7 20 973
3 24 880
42 52 504
6 49 784
62 40 363
15 53 856
48 18 26
9 6 53
44 49 727
40 4 917
42 39 679
63 18 707
28 19 669
55 3 132
6 51 309
19 8 810
5 41 296
38 35 752
60 27 921
13 59 331
13 52 367
61 43 507
48 12 635
61 7 583
37 14 887
27 51 534
15 9 403
30 1 665
39 11 200
31 9 288
6 36 781
37 61 600
38 27 861
40 36 685
54 28 67
33 52 434
47 45 504
25 11 863
14 17 713
33 24 792
34 61 317
54 59 8
10 9 408
12 14 481
20 25 328
39 31 618
29 6 770
31 19 505
12 28 985
57 30 417
52 49 806
60 38 435
12 58 92
60 15 326
12 51 884
57 56 273
30 42 936
7 5 761
4 38 749
13 22 671
4 14 780
53 50 178
36 17 378
30 57 942
20 41 976
57 1 550
31 15 71
25 6 872
32 2 487
43 49 769
46 62 345
46 45 713
15 56 371
33 58 214
62 25 655
28 42 427
5 44 382
23 42 800
21 40 654
36 29 779
23 35 848
62 58 617
48 63 399
50 6 129
51 34 44
5 21 707
40 64 331
33 6 291
39 32 512
44 13 562
12 10 832
41 51 724
41 42 605
60 3 67
15 30 990
18 56 901
20 34 273
23 43 505
43 7 598
44 12 547
35 21 60
8 33 442
24 42 205
3 17 888
41 63 961
51 39 39
59 63 143
59 39 508
18 24 920
57 5 757
32 24 821
29 35 664
6 38 358
21 14 687
41 49 545
8 43 563
60 23 383
8 2 532
3 62 648
21 32 68
49 44 208
63 19 318
30 26 176
1 53 116
7 4 817
9 39 36
55 41 612
6 16 507
3 61 227
13 63 535
44 53 966
50 61 271
40 50 98
51 63 416
39 19 517
63 3 542
3 43 377
19 46 310
38 3 514
16 62 411
18 52 88
60 34 819
21 2 636
19 63 89
20 42 914
38 46 958
29 4 162
25 7 914
61 37 950
27 41 30
40 51 754
25 41 491
56 30 470
58 57 192
58 42 933
49 7 1
62 41 198
21 38 799
11 28 903
19 31 638
2 40 620
20 50 151
49 35 290
13 40 260
37 10 818
39 9 887
61 58 604
55 19 594
49 2 783
37 47 680
27 4 29
32 18 400
27 49 857
17 16 933
4 54 825
19 36 553
55 2 994
38 1 685
21 20 501
36 60 608
3 44 527
6 42 842
60 48 307
49 6 558
40 19 111
25 8 558
54 20 247
26 29 792
38 47 999
8 27 573
39 54 727
40 5 601
35 58 863
14 64 139
31 50 101
31 63 847
64 4 219
37 11 919
32 50 730
58 31 127
14 29 344
29 23 4
57 35 871
46 21 92
23 7 289
11 48 57
31 48 428
61 28 874
53 44 302
59 55 384
7 62 877
45 40 923
62 17 931
6 43 684
44 63 673
20 61 552
16 17 797
3 9 634
23 34 893
8 21 439
61 32 196
14 19 114
64 9 162
46 48 697
35 36 194
37 28 779
18 12 662
6 45 727
54 9 406
29 52 770
17 11 650
3 38 42
24 17 665
64 23 775
14 40 941
48 55 206
58 13 321
30 56 124
36 30 188
16 27 49
45 29 631
27 64 836
41 24 599
43 23 349
25 39 792
53 63 510
7 6 49
52 39 559
61 4 885
39 7 840
39 57 62
53 51 547
48 37 453
16 24 495
34 19 640
16 1 719
56 21 805
14 48 542
36 51 504
4 49 908
3 40 231
43 10 659
13 60 847
58 39 9
29 22 610
16 45 790
10 19 605
49 3 444
27 58 688
18 7 290
28 27 758
31 4 599
52 57 217
63 23 57
56 40 835
1 51 221
62 54 468
51 47 64
39 13 509
29 28 745
1 32 278
42 30 999
31 23 988
60 11 835
1 19 170
51 62 337
54 38 622
10 41 385
51 64 406
63 64 42
59 58 500
19 49 734
57 31 375
7 43 657
58 40 316
62 20 733
54 4 575
34 20 261
3 42 789
46 63 345
26 22 746
7 33 904
31 2 856
1 6 687
28 29 749
39 62 874
25 17 477
22 15 847
50 36 585
13 15 913
48 20 907
7 26 855
49 27 160
56 7 449
38 49 300
17 50 254
39 63 5
57 24 724
3 11 830
32 4 769
27 62 145
26 10 700
9 17 443
56 9 972
7 61 942
22 64 329
2 55 686
37 20 65
45 8 641
16 23 911
45 9 16
9 31 398
64 17 615
57 36 381
19 48 132
39 30 228
56 26 569
20 19 724
39 43 251
22 61 12
59 4 1
15 52 394
56 57 949
63 36 827
37 16 709
20 11 609
51 44 219
13 29 219
30 7 711
35 12 110
19 14 902
64 5 417
49 58 430
29 50 877
55 31 945
10 12 605
45 14 683
62 53 308
63 31 485
33 20 540
37 38 822
26 32 12
6 52 177
31 53 771
62 26 370
7 53 508
44 54 996
49 51 306
13 62 110
8 20 116
54 44 762
11 10 184
16 12 469
63 52 299
54 12 302
49 48 193
52 51 989
55 57 365
17 37 451
12 46 285
61 14 507
42 50 643
6 2 559
34 3 585
21 39 969
15 8 488
52 12 85
1 57 19
27 38 818
8 9 765
18 13 788
14 56 179
36 59 771
57 39 810
64 18 226
28 24 392
3 29 241
3 60 181
47 12 57
35 59 817
32 39 987
26 14 596
23 37 929
29 31 251
48 47 411
60 30 394
50 45 936
24 37 722
12 30 312
58 2 687
61 23 556
48 31 976
54 8 589
24 46 205
62 61 485
17 57 795
12 42 260
19 56 473
63 41 70
7 23 570
18 41 956
29 33 702
2 24 906
59 45 491
12 54 640
10 63 276
55 11 340
19 25 587
56 49 333
58 5 570
32 59 84
22 54 64
60 50 401
5 46 87
49 64 300
38 57 633
11 39 667
32 23 449
44 64 891
52 47 829
18 17 891
7 59 432
52 45 125
21 5 344
17 62 891
37 40 458
17 22 546
7 36 817
48 33 903
28 25 532
34 46 208
63 43 595
43 61 580
45 1 361
17 36 348
24 50 361
27 46 970
13 58 644
45 54 177
16 30 181
52 29 775
31 3 60
34 38 533
4 5 126
51 61 631
44 34 184
12 59 740
7 29 647
51 37 59
27 34 213
35 52 555
3 55 985
50 38 500
49 20 490
12 37 489
32 64 375
37 19 851
49 23 83
8 49 381
34 60 508
6 28 509
34 9 590
64 26 746
15 4 338
33 59 376
63 34 463
5 34 848
11 8 210
42 10 59
7 24 680
9 1 413
48 8 924
4 12 730
38 55 505
20 58 317
47 36 785
25 3 43
42 20 273
53 4 292
46 61 640
46 1 861
9 54 394
62 32 925
19 58 155
64 51 172
43 62 958
59 18 43
51 24 101
55 50 749
40 3 246
28 58 806
20 13 954
16 9 137
53 40 728
42 3 563
63 35 98
44 1 893
16 37 720
35 14 585
34 40 509
24 53 226
24 52 682
1 9 482
63 51 672
56 29 596
24 23 111
12 4 521
4 63 995
16 10 243
47 54 495
61 11 684
29 46 173
36 56 212
59 27 379
48 42 257
24 39 907
26 58 772
34 59 679
18 63 463
21 31 581
8 54 436
23 53 462
41 40 57
33 27 565
6 29 818
9 43 163
55 36 430
50 34 305
50 54 488
42 48 163
36 27 550
8 36 732
58 29 668
35 60 194
15 2 161
38 34 966
56 3 739
53 31 438
36 26 205
58 44 194
34 51 319
22 21 928
63 53 634
18 5 637
31 1 339
62 22 448
12 27 538
3 45 991
25 36 896
35 51 109
22 29 320
42 27 859
41 31 655
1 43 727
15 61 711
7 2 252
56 64 809
29 30 718
56 46 740
37 34 749
16 33 148
38 53 669
59 1 721
60 25 816
27 47 756
32 62 514
37 3 495
3 37 193
18 8 301
44 29 474
62 60 82
5 49 943
23 29 765
16 44 623
30 38 914
63 50 754
36 3 659
26 56 909
44 42 411
62 2 129
54 30 401
12 7 179
43 22 939
45 48 484
16 55 783
27 54 917
19 35 514
59 22 139
58 43 353
63 8 535
5 26 418
45 56 824
32 10 810
27 10 674
42 37 264
16 14 496
24 28 580
35 10 901
29 7 182
30 39 546
14 47 683
28 22 864
39 4 687
13 43 385
53 27 994
41 53 431
32 52 449
22 36 91
49 46 88
37 55 48
13 44 332
26 54 509
36 34 213
31 27 647
15 48 440
3 1 83
24 33 128
60 63 469
17 20 97
14 27 231
25 32 903
20 54 697
34 1 862
4 30 286
38 5 116
12 50 147
17 52 223
1 48 985
19 26 501
3 16 565
53 18 626
23 9 938
49 30 240
29 5 708
62 43 733
33 7 583
46 22 707
37 49 625
1 54 482
63 28 562
63 14 59
52 43 320
30 15 263
30 16 27
45 58 299
43 35 130
63 9 511
16 32 41
15 28 411
44 48 666
2 32 489
28 1 218
45 49 977
26 44 160
38 7 764
39 35 625
53 1 307
26 59 941
44 14 342
26 15 916
36 25 194
51 49 432
24 21 234
21 24 840
56 18 123
30 40 921
61 6 317
55 21 361
59 48 784
41 16 42
4 40 717
56 52 172
42 47 240
20 5 773
50 20 608
40 52 302
60 19 181
48 46 881
1 62 794
38 23 993
64 10 990
21 1 843
46 56 845
39 24 671
58 1 446
37 39 380
30 2 79
9 38 1
13 49 326
63 7 657
20 46 569
31 45 413
32 1 486
3 26 880
44 25 931
25 29 538
34 21 151
13 3 698
32 30 952
21 60 652
61 64 214
19 53 541
34 5 765
7 38 95
8 63 846
32 63 284
12 17 135
7 63 419
12 36 311
11 45 136
15 33 480
17 63 738
37 7 73
13 20 435
58 25 961
42 24 565
9 13 838
61 45 62
38 20 927
28 57 136
35 23 369
4 61 775
28 37 677
43 27 667
64 3 933
23 64 130
24 11 811
64 8 899
30 12 692
16 6 489
58 64 621
50 32 363
9 41 348
33 29 563
50 25 432
55 58 293
26 51 576
54 5 329
5 62 67
42 15 584
44 43 32
20 12 482
43 29 831
22 59 175
13 39 740
13 9 732
23 19 212
57 33 678
23 1 434
56 48 472
22 43 16
28 54 986
53 42 261
60 14 355
57 22 471
14 61 359
52 24 538
29 58 569
4 31 360
22 10 713
19 47 599
55 13 687
36 20 340
47 50 374
16 46 430
8 44 225
61 49 417
6 1 528
18 14 299
22 37 29
9 44 662
12 32 330
2 17 891
55 47 536
33 61 239
55 53 180
57 23 188
34 54 654
55 52 570
60 51 425
62 16 7
59 26 838
32 15 278
38 14 330
63 39 246
22 33 481
44 62 325
52 18 468
42 11 215
5 3 633
30 55 640
27 61 466
31 10 832
30 17 105
29 3 577
47 34 636
46 43 145
42 1 531
34 4 658
15 64 432
11 23 612
51 12 740
15 13 922
2 27 959
21 58 345
9 61 896
5 1 971
16 50 833
42 28 301
21 12 158
38 43 233
34 44 424
8 29 35
39 61 852
48 29 232
26 7 225
11 15 986
58 52 403
9 33 803
16 21 381
7 31 521
9 20 542
28 48 170
60 37 980
42 56 895
64 38 333
17 40 927
27 2 4
49 59 251
2 58 237
8 16 331
27 53 798
45 46 201
44 24 580
55 40 849
28 18 618
24 56 687
38 29 190
55 44 655
4 42 965
46 26 459
40 1 354
42 6 157
27 55 235
45 32 188
19 37 424
16 19 819
11 30 45
24 47 31
46 18 772
23 38 907
13 41 33
8 46 20
45 25 258
58 37 668
15 14 812
23 41 831
58 7 379
30 34 715
24 45 90
5 25 614
14 35 644
11 27 504
1 64 47
1 25 315
55 9 202
32 29 565
40 33 766
15 59 799
37 30 281
38 50 296
29 2 9
59 29 154
40 22 270
11 19 894
26 21 904
55 43 907
57 60 614
62 37 699
60 41 636
1 11 894
53 3 174
15 1 997
21 26 136
37 9 105
33 54 575
14 45 388
16 57 32
17 39 851
17 47 167
2 36 576
52 32 364
60 17 745
8 18 190
44 47 726
3 53 68
19 16 718
52 64 38
18 47 743
24 36 651
40 34 453
20 63 584
22 57 294
27 5 146
53 15 427
29 60 91
39 8 136
64 15 213
21 48 484
40 17 637
38 12 751
3 36 739
15 24 640
39 18 476
24 63 382
10 24 551
64 34 73
44 11 292
58 62 540
37 17 758
5 42 870
39 33 839
63 62 995
62 34 69
47 39 674
58 30 429
14 13 956
24 61 185
26 11 471
32 19 209
62 57 49
11 22 125
19 18 776
55 59 444
6 57 739
17 38 506
42 8 867
32 48 664
49 31 218
42 2 403
29 25 201
39 26 963
59 43 723
53 24 80
25 28 339
56 11 569
21 29 353
27 26 379
31 7 192
28 61 831
50 52 475
47 20 957
9 24 462
21 16 102
5 48 845
58 59 14
47 15 603
44 9 358
53 11 271
63 17 438
46 64 313
32 9 506
51 1 772
38 39 696
56 1 867
21 36 451
35 16 966
56 2 575
54 19 770
30 63 933
59 49 387
23 31 95
50 59 857
8 53 238
16 39 380
15 26 126
41 34 231
21 43 254
51 32 386
48 15 653
43 12 522
22 23 368
22 46 204
42 59 244
58 27 888
57 59 924
5 35 758
38 26 325
51 59 11
26 4 958
55 14 517
28 17 399
45 34 926
6 33 420
52 14 949
61 42 817
43 50 165
2 1 84
50 19 552
54 63 895
19 34 367
16 11 523
4 16 997
38 8 136
56 20 360
41 21 51
22 4 841
46 29 453
41 27 119
5 11 455
58 47 986
29 10 291
48 35 302
53 9 354
55 39 993
11 47 90
22 30 252
36 31 621
33 62 389
3 52 363
29 27 166
30 58 30
5 36 819
8 26 876
12 3 602
51 25 777
52 20 266
41 52 755
10 32 464
12 18 557
14 28 793
18 46 24
24 5 43
34 23 24
9 36 231
51 36 509
59 20 949
39 41 5
9 52 397
3 59 544
17 12 468
57 34 588
10 13 704
4 36 110
55 51 504
37 53 32
43 3 700
49 38 122
51 6 246
58 14 623
41 59 369
15 29 182
33 45 353
11 17 606
3 2 126
53 20 278
57 7 486
42 44 538
63 24 947
26 19 453
21 25 820
63 12 888
10 11 830
9 46 668
21 8 126
54 51 686
38 44 816
56 19 756
5 56 376
35 28 210
39 23 231
59 51 947
51 27 741
26 48 465
64 45 636
11 62 485
64 20 704
8 57 630
4 6 652
50 1 864
12 34 576
14 51 106
37 25 393
54 13 445
62 8 534
7 39 187
40 27 44
60 58 246
21 63 462
37 48 889
18 32 436
25 20 371
9 42 57
3 27 677
12 62 541
55 28 881
41 29 598
57 45 549
34 43 235
62 50 426
33 26 265
11 7 488
48 5 353
4 10 876
50 37 756
62 35 171
51 16 212
12 19 358
61 51 661
58 17 792
33 37 636
51 60 393
8 64 809
5 14 857
13 14 232
55 54 238
43 63 633
11 3 463
22 17 6
54 15 327
24 7 523
8 37 700
24 51 96
12 6 558
28 60 73
21 61 330
5 58 387
2 19 879
46 32 462
41 38 939
12 24 117
43 14 200
48 36 302
2 48 977
46 19 849
22 42 358
46 42 182
56 37 365
23 26 661
60 26 992
26 23 880
6 24 118
36 41 888
54 33 72
28 55 912
47 51 10
58 22 466
12 33 163
56 5 562
59 23 994
9 35 260
61 24 474
53 41 874
10 62 819
46 37 395
27 14 122
25 19 440
23 48 772
55 18 455
18 48 157
32 16 105
53 59 716
1 21 829
17 6 894
45 12 554
20 60 256
42 58 613
5 60 52
50 30 906
20 45 621
44 56 510
13 48 776
28 8 45
52 25 78
41 18 561
55 42 841
25 27 618
51 57 712
24 8 381
22 41 757
21 46 467
37 42 791
31 33 333
1 33 848
13 54 309
7 49 734
52 17 157
15 19 122
9 28 69
36 19 204
19 33 785
56 43 872
28 13 459
12 38 474
8 23 957
47 22 6
58 11 600
58 35 666
45 17 66
57 58 580
38 30 585
9 34 319
32 14 895
17 30 115
62 59 402
43 64 458
10 50 62
23 6 648
14 16 593
59 34 92
21 55 788
4 53 918
32 3 377
56 42 312
15 27 599
35 48 892
40 45 303
15 35 851
35 57 805
21 42 156
1 42 201
58 55 31
48 19 230
47 37 642
11 40 330
5 29 303
14 60 43
59 24 25
27 23 496
32 45 623
50 42 161
11 37 735
29 11 703
64 27 865
39 29 826
20 59 706
57 28 491
42 61 257
39 55 418
3 41 10
39 40 967
33 47 508
58 19 652
55 63 351
58 53 134
53 2 648
39 12 328
57 62 996
60 43 486
1 30 628
43 46 265
7 34 495
20 21 35
52 42 827
32 28 929
9 7 32
54 53 870
9 18 351
54 16 235
50 33 576
60 28 282
7 64 30
29 9 190
47 27 777
18 57 323
3 19 549
9 60 934
5 47 290
55 49 515
24 15 80
36 11 730
13 31 395
57 8 778
8 42 199
3 7 782
2 30 169
64 2 803
18 30 753
4 20 787
45 50 275
31 32 635
36 42 520
8 13 789
8 51 862
19 12 860
12 11 472
33 39 30
60 56 25
22 39 761
1 22 211
51 58 247
55 26 633
62 51 748
51 56 691
26 13 822
36 12 158
34 41 169
22 27 745
48 2 562
64 25 411
36 6 517
55 29 240
3 22 83
36 8 65
5 28 861
40 16 56
62 36 598
60 40 148
53 52 564
24 40 902
30 25 842
53 25 604
23 36 921
43 48 36
5 38 53
21 35 173
4 22 181
55 62 688
26 5 185
27 16 513
16 34 457
32 42 613
36 4 236
45 52 294
11 58 524
62 13 980
33 57 255
19 54 546
50 56 554
28 41 774
59 32 968
7 18 888
63 21 773
7 11 946
5 19 66
48 17 769
62 38 870
2 43 942
34 25 714
56 50 852
41 28 978
18 38 208
46 3 730
10 26 340
35 34 560
48 53 954
59 5 717
25 34 327
41 33 851
8 39 800
24 6 916
36 33 723
42 33 124
16 31 29
58 32 95
5 52 890
4 29 921
13 28 425
3 21 414
8 11 991
27 25 36
31 64 89
24 10 525
51 3 738
52 13 650
28 11 953
43 39 226
7 3 531
49 25 189
43 58 915
36 35 933
42 4 854
39 36 549
64 52 430
12 39 211
19 15 522
33 40 272
64 1 756
56 60 340
62 55 211
4 47 160
17 55 241
57 18 984
42 45 788
14 11 436
55 27 688
62 47 346
51 15 721
20 9 616
47 7 142
44 40 903
44 20 742
14 5 192
6 47 923
27 60 983
54 49 627
57 52 256
25 12 995
27 24 615
42 63 519
47 17 715
48 57 994
11 34 275
18 9 720
17 27 965
45 57 792
29 63 777
20 38 619
24 38 523
39 22 171
52 15 256
22 16 93
32 53 558
34 30 118
64 63 2
53 5 664
59 31 195
64 39 534
33 2 878
32 12 606
51 19 99
53 34 647
25 1 188
40 30 141
14 2 673
63 46 850
33 34 496
14 3 653
36 62 650
60 44 224
49 60 2
31 54 110
39 48 618
34 16 342
20 44 993
8 41 692
40 37 956
46 52 10
63 40 377
9 59 690
38 17 960
29 17 440
41 32 971
53 37 586
48 44 479
38 51 173
30 23 968
37 22 662
38 28 461
43 11 197
55 22 898
33 50 535
4 19 100
4 8 976
43 52 848
34 55 612
63 30 153
5 30 760
16 28 340
49 4 619
26 43 795
45 53 3
3 14 481
1 31 974
56 45 274
10 23 511
49 29 88
14 4 337
8 30 232
46 36 8
57 21 830
43 13 306
27 6 468
19 11 755
30 43 70
63 60 679
9 5 901
19 50 473
64 49 880
61 12 821
2 46 951
8 14 907
14 42 185
34 12 986
26 27 129
56 59 150
40 56 418
39 42 417
64 57 340
16 40 65
6 8 134
40 55 391
17 23 834
38 15 38
59 30 366
57 3 186
59 33 206
6 4 704
20 52 745
42 49 801
2 4 687
64 60 22
28 56 717
38 9 111
33 9 733
16 61 623
56 36 129
55 20 361
8 38 92
3 49 848
54 56 962
64 4 788
28 44 657
48 54 325
30 35 421
16 9 507
11 5 447
30 1 410
1 26 719
35 40 968
18 54 508
44 56 38
1 2 322
51 17 82
61 35 879
60 26 801
19 29 75
7 3 620
40 26 747
41 22 288
52 15 623
25 57 847
53 32 569
4 59 40
53 34 546
61 51 686
39 52 675
61 50 80
35 18 893
2 24 822
49 53 84
60 64 17
52 29 264
6 54 195
52 41 291
4 28 456
9 29 48
34 31 577
22 48 413
21 35 80
63 8 568
42 32 826
3 30 641
33 13 632
55 21 261
42 49 683
8 54 62
52 12 950
13 34 508
41 34 831
46 63 836
31 4 914
4 6 890
63 29 876
8 21 314
40 58 463
2 31 352
27 58 425
30 23 642
54 57 833
54 30 911
29 41 324
59 40 860
26 4 483
29 64 723
50 23 189
2 56 668
41 12 187
29 62 599
4 31 392
51 9 528
51 5 673
35 21 574
38 15 22
7 43 191
32 2 743
45 30 107
36 56 649
44 53 978
24 59 643
47 61 793
59 58 31
27 20 223
46 53 106
40 24 61
55 38 598
9 34 395
39 56 319
4 61 835
46 39 9
45 31 930
55 38 384
52 17 189
15 17 857
54 31 693
51 4 586
1 56 679
22 43 384
23 27 806
37 20 731
33 3 120
64 47 743
12 50 598
3 48 309
31 41 840
30 42 808
32 50 418
44 13 734
63 39 311
6 41 724
49 53 356
33 50 70
54 33 493
20 16 561
39 11 542
26 45 296
33 28 455
34 57 415
39 8 187
16 26 569
11 33 168
9 22 540
53 4 892
20 57 939
54 59 103
37 26 445
57 15 949
15 28 490
11 27 637
61 40 114
39 3 243
44 16 233
11 61 409
6 29 381
64 18 151
24 63 857
44 49 331
30 5 293
48 60 414
39 42 421
37 35 990
41 25 874
14 12 77
47 29 734
64 13 612
55 26 602
4 45 470
61 21 427
45 41 925
7 35 246
54 6 427
55 58 475
58 19 853
42 21 84
35 21 961
33 54 332
50 8 689
45 29 600
63 27 559
32 28 695
54 48 598
8 38 616
58 3 271
49 40 420
14 25 312
6 30 222
34 62 193
40 42 715
18 25 403
51 62 794
42 15 385
39 35 397
40 64 284
17 63 121
45 23 413
39 20 477
47 8 39
40 2 740
44 17 592
42 10 699
45 44 57
57 36 511
8 43 871
37 27 913
38 62 451
29 24 793
56 58 792
7 14 342
58 45 988
24 42 798
51 59 683
