1
1024 1021 215 551 813
433 113 576
482 73 940
523 292 254
1018 540 529
932 758 133
809 871 39
801 840 191
446 996 436
652 920 446
802 69 303
615 675 808
127 38 905
652 604 298
418 34 954
286 430 398
845 957 344
188 185 760
742 582 538
779 471 720
12 949 288
787 209 62
249 49 587
853 125 723
82 1003 776
247 507 444
70 249 739
657 678 506
234 521 867
352 816 664
991 240 218
170 963 403
537 156 201
679 282 963
827 555 723
757 921 80
409 476 339
894 694 588
856 612 79
504 75 569
563 290 116
533 861 353
795 154 379
543 776 192
476 316 831
818 371 475
495 84 957
713 663 462
21 721 102
408 1013 79
389 752 845
890 442 14
367 976 603
73 1004 358
565 75 271
849 190 438
558 896 313
800 713 506
243 450 772
39 167 696
888 65 867
533 35 451
547 528 966
504 643 575
374 404 770
927 263 599
414 190 933
443 433 387
983 30 95
562 571 857
1002 994 97
755 867 22
968 500 238
769 593 861
848 806 380
591 281 126
489 34 231
597 875 254
691 801 386
624 527 653
732 146 148
555 973 522
999 984 25
726 727 368
366 727 204
106 955 244
554 414 460
283 185 888
761 634 924
261 931 758
38 731 325
563 378 11
388 666 958
823 654 517
604 17 399
536 201 11
557 675 926
225 134 420
692 783 949
445 811 817
299 49 165
613 403 5
770 449 84
1010 403 552
630 959 895
467 289 367
784 523 523
708 79 997
294 264 136
440 981 360
297 918 51
86 68 841
494 285 453
155 233 119
197 587 455
506 47 986
989 650 291
37 70 119
791 681 613
48 420 302
1013 777 354
887 743 993
75 367 90
342 862 252
484 159 621
737 958 389
387 51 363
477 411 166
787 933 42
442 222 30
709 804 819
264 602 876
972 131 602
627 153 777
756 532 266
361 692 755
992 906 464
399 765 500
501 916 654
402 781 557
526 988 793
402 45 24
856 966 43
177 583 720
482 664 24
201 740 231
299 199 812
356 947 509
560 181 910
443 212 949
167 745 5
936 707 404
457 243 397
647 480 203
443 387 544
81 269 468
894 130 3
482 312 588
60 132 225
10 909 704
4 420 110
247 436 504
997 884 32
107 836 700
358 112 122
307 262 246
122 143 623
659 571 64
425 571 369
911 925 182
289 365 353
779 977 606
258 259 126
783 828 298
437 533 278
633 327 486
684 106 538
344 895 947
282 468 453
213 793 820
767 845 888
458 715 830
293 798 553
585 173 668
149 329 126
54 372 686
678 235 816
703 884 919
184 19 756
433 27 371
69 248 376
931 220 210
231 215 231
43 902 673
455 993 735
379 371 947
853 495 337
691 988 741
26 304 465
640 109 636
971 189 485
320 533 704
392 825 630
196 69 652
882 65 864
989 217 106
976 940 190
826 194 530
972 545 576
760 859 186
846 242 106
485 538 393
118 782 445
702 72 534
967 678 187
296 668 44
572 122 246
752 618 106
789 8 23
533 959 462
112 934 889
274 352 436
3 866 525
20 217 371
137 490 57
387 667 677
140 318 541
247 861 881
745 862 598
313 494 549
235 995 235
894 1011 426
986 1016 324
353 475 265
907 519 488
112 454 353
196 330 876
754 293 756
355 189 171
371 272 212
723 662 708
908 658 358
627 508 661
475 453 399
219 353 644
280 949 761
122 146 792
33 613 636
819 635 393
549 724 584
776 127 809
389 398 857
973 269 232
695 310 238
290 660 214
747 126 633
903 509 783
299 388 641
139 3 463
854 145 6
630 976 327
7 856 523
520 292 700
152 947 96
716 262 558
988 891 73
149 1021 330
645 762 387
649 588 450
258 18 879
942 672 462
41 487 939
332 664 117
171 271 200
612 752 302
642 175 977
147 878 849
342 682 358
323 293 810
938 1006 182
357 119 365
399 528 722
349 249 260
259 258 246
919 729 661
700 218 992
535 602 880
70 23 118
868 360 888
865 245 72
412 439 912
431 435 10
534 954 466
140 865 163
952 837 562
191 776 54
763 856 994
393 611 260
280 509 474
489 757 874
906 573 819
302 550 395
78 219 122
659 88 440
87 368 772
119 275 455
1016 718 575
304 851 157
528 415 105
757 570 716
833 853 829
70 657 894
881 305 853
173 12 554
276 1020 256
362 890 613
517 764 52
582 105 827
978 840 768
626 94 906
468 557 621
962 1018 861
620 760 510
589 175 776
284 136 45
500 922 78
361 338 561
759 554 841
217 603 618
832 192 349
708 115 888
712 8 535
381 855 872
757 341 365
467 603 789
693 549 745
791 415 992
333 193 672
848 77 245
309 1010 135
734 914 819
157 592 594
122 842 731
69 340 291
204 276 608
785 248 872
6 329 201
796 653 459
908 677 474
178 608 627
520 919 957
566 540 67
47 727 6
762 587 600
35 186 666
749 17 66
250 570 580
422 94 585
137 354 319
992 590 895
657 670 115
612 634 678
958 507 402
896 171 458
242 138 62
87 775 648
656 975 593
802 827 92
695 277 788
68 821 918
908 565 666
928 131 377
212 473 802
184 427 312
975 346 599
419 624 892
885 125 608
232 301 303
99 336 851
355 441 805
661 425 156
211 375 248
734 696 432
65 362 201
308 964 397
634 119 31
147 944 230
102 760 146
869 238 642
587 744 330
325 605 303
892 462 43
699 729 25
155 280 496
455 37 53
685 224 623
690 426 161
203 933 735
861 779 703
603 383 865
103 478 826
596 891 706
517 105 880
860 440 491
957 938 257
39 375 418
254 514 917
39 261 352
643 809 10
231 1000 967
33 303 508
120 582 113
403 698 652
439 382 351
186 886 134
629 194 648
935 588 328
190 698 996
882 122 885
956 43 486
129 29 628
875 301 265
690 865 316
482 648 495
660 212 35
490 307 827
17 63 995
608 156 929
521 904 32
373 181 870
137 850 351
502 272 235
370 33 576
540 700 282
199 127 30
989 649 190
623 641 475
777 594 248
323 324 210
549 329 763
1015 934 325
430 290 631
113 516 728
911 80 676
75 731 141
990 395 87
796 181 648
632 779 170
8 200 451
582 783 962
285 169 128
834 803 58
993 173 146
605 754 836
467 788 124
627 859 941
1009 275 800
159 636 484
425 521 136
204 790 328
434 863 240
826 306 652
594 861 28
740 494 216
692 991 76
203 473 417
38 30 508
504 25 598
38 762 336
479 172 577
981 211 179
569 247 759
474 634 280
894 238 894
947 748 563
695 691 986
77 823 548
652 158 196
167 91 446
811 849 169
34 170 598
922 745 194
175 563 384
473 411 164
326 518 439
477 240 515
469 83 228
8 66 389
475 862 680
592 56 766
612 598 700
872 148 383
991 734 948
1002 448 757
116 565 792
359 903 606
921 1002 842
554 649 35
373 345 604
919 996 921
331 459 466
618 820 507
235 752 36
678 453 53
597 418 173
364 882 544
810 491 919
790 516 181
439 958 688
794 773 185
355 939 882
528 282 513
158 102 361
272 225 457
672 105 613
68 356 236
877 243 294
651 826 524
397 61 980
639 941 379
673 504 255
694 595 546
882 183 554
1008 420 452
438 333 700
545 668 130
472 201 461
604 1001 774
187 481 968
402 7 888
725 1023 773
11 72 946
780 175 619
389 915 66
420 1023 796
297 617 189
816 850 769
596 937 969
702 807 870
737 999 300
811 514 942
994 153 714
690 631 852
937 348 978
998 466 208
366 644 730
282 29 890
218 395 340
460 606 180
994 482 560
688 308 954
891 517 717
537 738 327
526 696 225
361 610 851
167 841 800
966 919 916
438 738 153
292 97 723
874 481 124
912 862 29
570 737 95
5 820 890
644 925 921
220 590 425
29 997 710
28 764 934
67 469 414
679 519 970
520 394 991
857 346 36
223 384 89
230 241 372
970 791 525
883 259 738
589 128 627
650 139 27
953 935 170
1012 226 272
351 190 643
70 532 625
25 190 695
195 409 890
555 916 355
739 934 938
516 855 39
420 550 116
511 430 460
678 211 403
847 522 791
179 580 161
935 272 64
257 757 760
123 341 318
759 211 68
110 161 145
246 241 57
274 985 480
428 559 938
812 788 142
139 437 416
60 355 27
950 688 62
303 347 390
931 711 555
190 429 677
750 453 563
335 722 148
905 616 559
647 142 300
168 904 684
660 743 629
83 274 924
843 104 654
133 193 534
57 146 710
878 924 188
603 984 950
177 628 794
132 874 820
760 256 153
332 996 948
547 281 731
408 616 746
702 519 196
28 701 337
814 715 496
184 995 203
640 738 275
210 522 720
836 868 119
633 441 764
81 923 965
825 749 792
861 446 777
148 934 619
344 678 523
598 166 171
820 79 256
918 592 93
830 299 542
608 436 558
414 674 118
639 255 2
373 710 664
435 637 996
443 287 195
896 487 534
545 579 878
216 648 438
460 608 606
307 147 99
1013 226 647
607 945 396
449 216 188
862 1000 141
78 643 673
110 959 850
289 64 929
496 669 843
375 14 579
653 126 548
650 422 899
333 829 492
224 124 113
2 800 245
110 149 596
656 872 175
618 208 929
342 588 671
313 673 806
999 556 980
993 840 104
692 917 361
857 613 551
956 500 46
10 64 744
377 778 698
690 17 485
960 733 977
440 169 96
971 853 443
602 85 301
850 549 820
586 625 940
479 294 173
478 920 968
777 757 154
304 822 533
933 470 662
422 28 461
980 558 337
11 107 197
439 599 898
690 866 535
574 923 974
772 18 100
452 776 976
244 171 848
738 54 612
191 158 153
3 299 712
789 443 900
709 285 760
144 732 340
753 901 619
90 235 795
844 229 814
301 437 3
899 910 481
65 223 974
184 814 274
586 278 511
113 862 88
78 133 337
712 285 232
942 676 8
36 698 389
57 86 830
811 525 306
683 455 444
347 775 468
916 148 203
977 3 436
459 595 755
798 42 70
191 573 679
137 454 901
242 596 473
384 818 880
760 98 103
317 717 821
962 877 951
910 840 907
78 618 185
92 464 118
268 546 986
795 538 129
303 914 993
952 826 150
40 824 418
362 744 417
632 745 376
384 570 340
712 731 517
592 359 65
262 264 134
477 541 929
168 951 391
575 985 631
791 797 563
740 341 92
23 850 834
6 97 928
102 400 38
699 606 366
761 836 186
781 269 343
899 907 106
309 388 965
225 186 206
838 901 704
52 149 745
184 259 472
543 147 550
106 113 801
514 259 687
1011 835 109
671 95 71
1024 252 22
860 503 717
137 934 111
649 993 733
829 272 623
100 1016 129
400 997 486
600 586 846
436 312 116
735 1024 58
439 212 361
38 905 92
497 516 848
886 439 962
832 452 788
220 107 657
176 117 325
350 995 421
208 9 507
139 838 447
926 129 410
577 281 719
355 295 968
658 117 508
876 503 38
65 706 322
755 593 82
125 356 879
124 219 801
915 732 75
583 451 620
168 667 747
745 470 288
116 976 623
153 953 847
245 801 569
132 64 954
40 374 866
546 509 499
686 936 499
675 702 178
1016 80 355
18 894 450
599 1021 822
561 372 84
828 703 17
244 286 264
774 565 195
820 489 291
132 732 456
521 641 92
48 419 223
577 406 687
413 470 34
80 832 264
568 170 224
826 131 541
641 161 77
632 439 405
261 234 512
688 683 520
117 62 500
716 951 269
865 508 98
831 686 958
836 799 452
914 196 517
890 191 413
876 72 468
314 296 505
463 771 414
352 860 121
425 799 471
642 1015 248
833 694 222
911 669 40
324 123 744
860 794 324
483 798 383
723 242 23
189 707 311
668 41 908
187 93 61
599 901 862
392 628 73
528 179 709
673 419 149
574 807 79
22 392 938
191 225 386
743 301 734
107 100 567
649 428 564
978 536 698
643 111 188
793 315 442
31 284 916
223 879 372
106 553 920
61 440 678
598 393 97
395 808 759
319 773 316
835 430 871
9 46 927
930 631 38
384 757 593
189 79 528
857 758 671
693 948 196
586 898 55
679 470 746
384 728 794
806 741 724
731 289 323
120 769 47
743 588 113
598 323 431
309 544 616
840 927 873
808 96 369
418 557 973
734 191 423
311 583 936
724 754 116
356 866 945
70 311 929
493 212 80
561 39 395
542 667 620
296 546 540
455 739 415
935 200 187
336 153 569
715 929 168
265 662 540
949 68 892
276 1017 939
822 827 103
101 347 445
313 336 949
207 91 490
331 475 637
637 809 114
871 835 243
364 80 233
907 380 409
70 157 381
768 402 151
536 831 857
620 945 331
542 966 293
560 187 414
39 938 421
165 548 990
105 602 874
718 396 77
559 798 734
896 461 612
183 667 602
516 621 470
253 534 427
1005 489 925
711 931 246
374 647 427
887 825 475
826 852 853
810 213 84
291 854 961
993 437 332
370 264 689
109 350 600
703 860 559
352 797 695
950 496 598
648 101 616
186 644 271
497 488 420
718 216 312
390 93 222
674 509 193
40 554 715
530 537 403
243 382 794
106 464 385
615 996 397
168 1024 284
209 62 121
621 343 413
39 213 477
431 905 39
616 514 740
556 978 592
490 587 699
1005 236 57
313 677 511
648 362 871
933 923 913
742 125 451
285 665 793
760 1018 792
903 525 342
442 109 988
600 553 798
179 507 683
905 934 984
599 394 111
119 652 591
724 861 810
993 314 30
611 357 906
892 195 538
178 745 528
908 1014 443
914 482 528
183 224 282
781 197 941
370 252 569
604 430 531
961 296 877
782 42 733
404 369 344
959 439 715
472 968 882
977 651 417
30 263 631
983 114 206
1016 902 65
782 950 528
339 102 827
746 397 427
25 681 574
539 237 998
533 356 869
967 705 543
16 168 862
331 90 577
797 888 396
74 299 863
116 725 131
126 222 746
302 628 434
179 153 754
334 228 63
901 986 987
820 42 276
231 421 765
503 673 52
696 214 977
776 753 877
547 231 665
962 831 838
153 25 3
35 120 219
90 405 993
572 783 628
905 478 552
417 602 632
265 928 431
232 133 414
904 603 772
342 413 132
467 330 613
631 633 836
200 931 503
63 653 372
502 329 160
40 623 823
331 68 981
904 890 246
307 423 143
72 816 410
140 861 450
378 103 582
260 15 1000
499 192 691
53 491 203
970 620 475
24 574 347
736 440 240
979 556 28
616 168 922
750 289 494
701 12 377
97 803 431
791 808 650
377 806 671
259 220 58
673 451 625
116 271 750
237 176 971
677 484 894
688 686 89
520 557 582
40 532 202
792 72 753
826 524 373
823 251 307
943 840 897
508 19 439
681 362 355
421 1014 59
858 284 1000
1013 820 625
594 309 591
810 842 386
262 680 175
808 756 534
218 502 114
428 228 280
653 275 306
842 570 662
434 288 439
187 443 954
485 781 455
99 603 519
249 401 822
216 218 191
433 178 661
823 631 921
308 313 147
154 436 930
441 337 641
210 285 818
415 798 482
514 793 83
130 40 150
198 763 495
605 376 879
1009 250 176
737 111 270
120 6 213
836 794 929
922 1013 821
307 336 728
469 833 554
85 956 355
745 198 824
929 206 800
801 657 887
32 887 273
248 549 275
179 410 911
776 496 558
295 777 65
951 569 817
176 57 918
226 583 66
222 1022 941
503 282 530
549 658 481
872 906 289
231 543 456
761 304 485
846 533 334
361 328 437
866 181 327
528 231 212
704 323 387
188 290 409
157 6 350
484 908 554
397 71 281
224 834 674
255 691 110
423 149 950
324 538 4
738 23 698
403 142 456
818 428 441
948 277 189
479 45 918
710 1020 230
931 736 915
112 793 874
426 887 3
947 907 980
281 632 228
512 980 785
1002 789 182
608 119 171
341 232 125
258 529 760
39 209 859
382 771 88
665 829 879
116 488 112
50 116 10
487 56 267
583 551 107
958 723 237
517 903 92
5 465 852
62 248 144
73 373 78
316 395 78
618 609 72
679 104 112
863 749 675
181 346 487
747 250 606
714 936 904
915 413 23
617 944 343
418 498 970
552 949 967
818 340 397
970 491 943
463 709 772
8 652 819
10 135 453
827 666 324
488 617 733
799 653 870
319 130 743
122 231 148
925 959 215
639 179 134
565 640 302
361 850 395
930 208 212
101 698 467
629 761 764
545 308 839
25 507 679
938 15 769
683 442 452
825 229 685
223 881 960
899 377 71
777 290 133
694 640 670
834 776 632
354 359 335
675 530 843
114 842 251
68 910 913
1020 227 487
575 47 425
264 437 11
444 758 169
578 986 714
867 271 143
986 490 757
224 931 320
1014 331 745
498 872 180
123 45 854
702 151 188
8 943 181
862 752 21
528 150 381
754 310 642
523 222 629
924 595 469
233 831 815
957 278 746
48 81 659
273 605 567
294 459 522
519 213 686
578 775 468
935 991 728
907 913 654
1005 147 461
232 952 849
965 430 481
703 899 442
