1
128 8125 87 10 112
119 11 591
84 93 810
97 58 30
99 102 906
124 67 538
50 105 528
12 118 443
18 99 528
55 96 282
13 70 941
114 125 569
92 46 531
65 40 877
14 43 733
20 114 344
63 55 715
88 71 882
81 11 417
30 6 631
87 115 206
120 6 65
14 54 528
83 103 827
106 13 427
25 41 574
27 110 998
21 101 869
71 65 543
16 40 862
75 91 577
29 120 396
74 42 863
116 84 131
126 93 746
46 116 434
51 25 754
78 101 63
5 90 987
52 42 276
103 36 765
119 32 52
56 87 977
8 114 877
35 104 665
66 63 838
25 26 3
35 120 219
90 20 993
60 14 628
9 95 552
33 90 632
9 32 431
104 5 414
8 92 772
86 28 132
83 74 613
119 121 836
72 34 503
63 12 372
118 73 160
40 111 823
75 68 981
8 123 246
51 38 143
72 47 410
12 93 450
122 103 582
4 16 1000
115 64 691
53 107 203
74 109 475
24 62 347
96 56 240
83 44 28
104 40 922
110 33 494
61 12 377
97 34 431
23 40 650
121 37 671
3 93 58
33 68 625
116 14 750
109 48 971
37 101 894
48 46 89
8 45 582
40 19 202
24 73 753
58 12 373
55 124 307
47 73 897
124 19 439
41 107 355
37 118 59
90 28 1000
117 52 625
82 53 591
42 74 386
6 40 175
40 117 534
90 118 114
44 101 280
13 20 306
74 58 662
50 32 439
59 58 954
101 12 455
99 90 519
121 16 822
88 90 191
49 51 661
55 120 921
52 57 147
26 52 930
57 82 641
82 28 818
31 29 482
2 25 83
2 41 150
70 123 495
93 121 879
113 123 176
97 112 270
6 120 213
68 26 929
26 117 821
51 80 728
85 64 554
85 59 355
105 70 824
33 79 800
33 17 887
32 119 273
120 36 275
25 51 911
8 113 558
39 8 65
55 58 817
48 58 918
98 70 66
94 126 941
119 26 530
37 17 481
104 9 289
103 30 456
121 48 485
78 21 334
105 72 437
98 53 327
16 104 212
64 68 387
60 33 409
29 6 350
100 11 554
13 72 281
96 65 674
127 50 110
39 21 950
68 25 4
98 23 698
19 14 456
50 44 441
52 21 189
95 45 918
70 124 230
35 97 915
112 24 874
42 119 3
51 11 980
25 120 228
128 83 785
106 21 182
96 120 171
85 105 125
2 17 760
39 81 859
126 2 88
25 61 879
116 103 112
50 116 10
103 56 267
71 39 107
62 84 237
5 7 92
5 81 852
62 120 144
73 117 78
60 10 78
106 97 72
39 105 112
95 110 675
53 90 487
107 123 606
74 39 904
19 30 23
105 47 343
34 114 970
40 53 967
50 85 397
74 108 943
79 68 772
8 12 819
10 6 453
59 26 324
104 105 733
31 13 870
63 2 743
122 102 148
29 63 215
127 51 134
53 128 302
105 81 395
34 81 212
101 57 467
117 121 764
33 53 839
25 123 679
42 15 769
43 59 452
57 102 685
95 113 960
3 122 71
9 35 133
54 30 834
8 121 354
102 79 675
18 76 114
73 124 68
13 18 227
112 103 575
47 41 264
52 11 444
117 41 578
89 74 867
15 16 986
106 118 224
34 110 320
118 75 745
114 103 180
123 45 854
62 23 188
8 47 181
94 113 21
16 23 381
114 54 642
11 95 629
28 84 469
105 62 815
61 22 746
48 81 659
17 93 567
38 75 522
7 86 686
66 6 468
39 95 728
11 17 654
109 19 461
104 55 849
69 46 481
2 63 442
14 94 814
25 70 373
64 76 915
14 46 989
1 10 894
112 25 969
105 89 823
89 81 145
111 36 490
28 82 642
13 111 616
71 79 531
47 18 807
59 63 28
26 78 482
29 39 518
91 71 273
16 89 372
64 115 967
36 55 914
18 67 119
33 25 984
58 74 39
118 4 569
12 36 871
81 119 136
111 69 927
98 55 417
104 18 846
100 91 500
95 60 109
102 14 307
10 35 101
77 109 665
14 3 615
15 85 516
100 126 98
40 28 379
80 39 358
90 51 699
69 29 563
94 43 207
83 66 419
65 15 224
112 54 465
104 124 511
78 113 641
97 108 387
115 48 892
74 23 978
59 20 138
64 36 268
70 102 262
47 122 366
116 122 257
57 13 277
67 73 984
29 115 229
7 79 903
89 5 951
14 20 78
8 109 243
115 14 169
73 127 350
32 26 492
81 82 30
43 57 212
119 22 562
28 128 335
116 111 716
5 41 25
59 105 287
22 28 221
13 67 390
43 97 139
78 60 858
67 4 20
120 108 214
99 26 647
100 45 123
19 7 879
41 1 209
85 53 626
76 115 254
58 22 459
45 88 634
61 108 320
110 75 451
37 9 325
127 71 471
87 89 885
63 40 594
111 115 145
99 48 367
123 76 58
24 112 356
68 8 510
64 38 275
75 12 192
124 107 823
57 106 507
49 19 878
103 5 156
19 21 107
13 28 159
119 20 142
92 7 678
44 71 223
9 63 69
103 109 484
118 89 895
115 18 734
41 109 444
109 111 188
49 110 395
85 104 843
103 73 546
42 64 122
57 38 195
25 94 315
2 115 784
89 127 54
38 15 116
115 75 292
35 51 967
70 56 588
93 84 572
53 72 779
24 122 946
100 92 998
39 15 441
18 19 230
17 43 396
25 110 598
56 118 472
40 103 808
117 64 192
112 122 523
60 1 857
101 53 659
112 76 811
108 83 822
48 64 925
112 36 836
61 20 333
95 28 916
8 58 93
52 10 394
13 2 811
102 105 238
127 55 510
11 55 876
51 59 954
109 117 676
117 75 361
88 81 451
56 78 737
120 16 687
99 107 945
84 8 975
119 103 764
47 53 479
29 45 423
59 33 694
69 108 178
53 56 269
56 27 538
29 83 341
56 68 127
86 121 825
3 111 212
113 63 102
65 32 304
13 62 350
99 44 969
114 78 872
103 41 793
100 58 152
70 55 207
25 35 732
101 115 690
52 105 57
117 92 862
29 114 495
19 98 272
74 20 343
114 74 821
71 67 288
97 122 612
72 94 498
99 2 242
92 31 962
56 60 262
94 61 896
87 48 786
76 69 801
128 30 757
69 80 307
111 108 716
61 117 347
50 38 38
18 4 679
26 79 755
109 120 389
58 34 335
77 111 998
1 79 421
62 69 309
115 74 216
80 103 756
99 110 858
6 83 255
20 24 826
64 20 553
28 10 445
5 69 251
120 66 552
51 77 623
40 14 438
76 112 382
120 4 122
1 98 160
7 12 441
15 77 318
39 28 128
37 36 62
19 39 923
88 86 630
50 53 505
68 80 430
53 27 352
86 119 282
4 46 899
94 119 909
44 13 678
36 10 535
67 10 248
8 128 612
113 118 240
120 38 206
33 60 428
51 81 974
9 114 332
87 61 129
6 80 905
62 41 967
71 83 120
114 45 384
83 18 786
20 45 84
2 126 233
41 76 259
51 68 617
127 100 792
111 110 416
105 26 936
111 91 660
62 35 952
77 61 653
21 2 384
50 112 881
91 113 631
43 63 503
15 104 893
33 36 290
12 101 235
10 123 839
24 51 313
17 3 769
9 37 4
7 44 609
35 34 389
80 98 27
34 76 246
62 20 666
76 65 286
98 105 571
118 80 808
10 53 237
3 74 337
65 68 672
110 62 858
11 72 571
8 98 940
1 46 13
33 59 339
50 49 592
56 54 555
68 111 91
28 76 854
38 80 860
99 28 547
86 80 354
44 19 526
32 88 7
99 67 740
42 81 474
41 73 951
3 20 699
66 12 719
9 125 503
41 115 650
33 89 254
23 62 327
49 87 925
107 100 61
122 19 446
92 59 715
85 29 860
71 50 74
89 42 647
24 97 254
11 40 406
125 105 783
23 7 27
4 21 743
70 57 108
18 1 332
106 42 23
27 64 335
79 74 89
108 17 272
37 52 352
117 99 685
41 70 55
68 58 678
39 53 738
106 128 757
64 69 604
98 44 189
16 38 332
44 59 87
70 112 375
118 102 457
92 4 606
25 45 42
95 38 472
119 42 343
127 6 855
56 43 613
48 63 658
60 72 732
47 95 965
116 46 410
48 109 996
20 50 546
73 103 542
1 51 894
43 19 903
76 89 681
55 122 305
9 121 270
66 75 565
111 4 154
16 75 143
114 72 564
51 29 666
71 109 589
42 103 529
62 87 415
71 22 926
30 9 213
109 8 422
29 24 544
10 36 662
16 95 765
72 105 582
57 4 571
23 126 267
47 90 599
87 11 426
55 77 534
69 47 904
41 69 834
103 125 249
79 31 805
10 91 380
43 46 78
103 83 804
6 51 316
16 10 881
92 56 168
3 45 701
89 58 49
14 118 21
36 123 299
78 33 652
98 28 566
32 50 68
65 104 378
1 2 112
6 32 374
76 46 356
119 107 957
47 65 524
109 90 174
126 95 544
69 51 236
5 21 709
47 31 247
45 71 737
100 120 545
67 92 521
103 128 221
21 1 462
21 11 220
96 51 292
118 91 200
9 84 165
3 56 578
73 118 442
127 2 463
105 80 112
89 25 723
46 45 481
67 116 832
119 80 564
18 7 711
25 24 898
77 119 547
30 46 227
119 50 964
36 103 850
113 55 752
78 88 473
16 71 262
57 122 144
95 46 484
102 35 90
69 82 321
127 58 336
91 29 505
68 89 257
12 18 547
57 78 476
92 13 858
106 89 141
84 46 267
99 124 24
18 47 727
106 87 264
37 45 696
60 82 391
83 99 918
66 62 378
86 88 164
101 84 746
35 14 233
121 89 585
25 72 364
64 49 530
54 98 603
30 28 358
12 5 365
70 46 304
73 92 750
104 50 684
49 50 667
52 65 634
112 3 676
40 122 498
88 32 886
35 112 355
22 56 560
37 70 639
28 5 403
43 54 778
9 14 434
66 48 986
57 27 473
38 98 831
54 29 987
115 6 690
42 56 167
30 75 321
41 38 433
13 71 279
16 43 688
1 100 36
125 81 885
109 49 580
60 2 201
80 62 134
73 101 205
10 21 508
119 23 489
3 87 363
3 46 803
39 79 193
110 46 278
120 58 304
52 118 96
16 45 779
33 8 567
30 57 691
20 118 814
116 100 451
44 23 40
4 17 33
11 87 86
67 49 398
118 20 667
59 53 212
25 54 576
46 109 955
86 54 964
10 124 763
75 16 72
26 30 430
86 19 679
44 72 197
24 14 524
56 116 233
20 21 431
7 38 321
41 22 187
57 39 666
68 1 117
33 122 346
67 62 765
114 59 169
4 38 633
40 23 321
97 29 509
13 101 844
27 46 97
85 12 347
103 112 610
83 47 630
120 92 97
70 25 861
59 97 866
73 90 28
41 23 96
106 49 284
93 19 868
62 18 746
9 81 624
7 58 388
85 115 785
89 103 916
22 116 531
40 55 824
50 26 907
126 97 739
2 15 762
27 28 333
33 112 665
16 79 694
117 24 33
41 26 577
102 57 550
25 3 652
121 88 279
89 111 228
106 76 81
2 26 654
95 42 550
114 67 780
128 62 722
120 68 435
30 99 436
38 67 397
78 64 304
127 105 791
35 37 540
106 83 281
63 35 479
53 22 220
111 107 522
124 117 44
78 120 302
10 111 660
111 6 766
113 64 773
115 73 766
73 8 272
37 26 603
36 85 577
11 52 142
67 27 380
18 106 205
109 37 768
47 29 859
26 31 271
33 115 58
26 58 944
13 66 33
68 67 326
107 75 657
15 27 210
108 33 756
8 118 849
89 93 210
95 47 815
34 58 56
38 100 122
112 73 862
123 44 780
58 89 980
112 6 877
33 125 641
4 127 919
22 61 228
18 127 228
40 37 972
42 87 273
56 46 344
27 3 899
51 118 111
10 112 366
95 43 210
54 66 795
80 44 655
103 84 162
57 73 397
92 43 303
88 109 958
105 23 328
8 61 578
117 37 736
32 66 185
46 115 480
125 103 673
110 4 481
26 69 552
89 97 215
44 46 532
4 83 451
16 9 609
91 97 442
102 98 647
26 19 181
76 17 582
19 99 774
64 35 302
49 52 590
72 44 520
74 63 578
53 75 581
50 59 97
44 15 734
68 75 42
39 17 380
34 50 971
31 105 644
11 64 723
51 60 805
103 97 351
7 46 735
102 60 361
78 102 576
2 60 481
73 64 837
114 91 86
24 33 892
93 92 600
60 91 381
88 46 69
108 111 227
24 30 15
9 24 144
10 107 224
45 95 915
118 58 277
28 66 303
103 29 773
76 37 11
12 26 412
88 75 951
24 106 982
54 56 795
122 128 280
11 88 688
19 107 449
55 93 475
73 39 732
49 93 586
78 50 500
24 72 489
40 95 764
96 61 822
42 45 847
95 21 305
7 81 753
77 50 380
11 18 109
76 127 946
77 120 229
32 107 248
118 1 633
76 1 440
97 86 218
9 123 735
91 83 709
103 67 229
121 30 924
104 10 629
65 126 610
128 122 332
41 120 71
26 122 242
21 18 107
48 5 222
3 49 44
32 8 938
51 107 824
80 111 261
20 83 750
7 23 857
76 102 886
62 98 41
80 5 529
99 38 266
118 8 595
57 84 560
118 117 28
19 45 887
24 27 926
64 56 943
116 57 275
68 90 431
94 53 941
62 30 633
110 28 678
11 56 998
39 80 866
56 85 258
28 7 755
106 36 438
81 46 974
119 48 335
10 115 643
128 118 478
58 1 169
85 19 562
24 128 48
24 3 297
124 23 705
16 15 985
77 75 495
30 125 548
93 64 747
67 114 704
38 113 428
21 4 362
95 103 93
77 81 636
44 95 480
47 11 517
32 86 249
54 59 7
10 92 620
38 54 831
48 42 890
72 9 53
49 53 670
29 1 544
6 106 700
59 17 79
83 105 609
115 43 500
77 16 457
36 24 11
19 121 41
50 6 442
66 127 515
116 121 976
36 86 109
58 2 999
36 67 738
38 39 286
41 80 27
78 19 868
50 48 957
5 106 144
47 71 154
36 58 540
118 86 405
96 86 408
91 93 266
126 17 316
26 75 627
84 42 777
13 80 873
69 93 490
125 29 11
15 68 675
4 30 21
35 15 286
98 42 642
111 27 605
31 66 618
16 78 160
116 83 795
67 71 245
66 34 753
19 101 634
9 97 688
102 61 569
35 17 505
80 79 73
72 99 525
89 9 530
53 4 422
90 30 327
23 31 37
107 19 69
36 125 593
80 70 211
59 100 866
105 46 228
123 62 599
83 125 641
60 76 444
18 21 351
118 35 866
17 52 543
95 11 476
46 56 240
84 68 289
120 2 239
44 5 117
85 109 669
23 109 639
104 111 948
102 81 252
72 63 1
53 65 380
21 59 639
39 73 922
2 31 224
7 15 862
61 47 266
4 104 648
107 31 553
124 112 926
34 105 97
66 83 684
51 36 119
88 87 882
97 92 565
54 93 911
65 19 154
31 123 521
68 98 699
72 125 419
126 83 810
17 13 748
86 68 378
50 42 616
36 104 665
21 17 339
5 33 868
100 123 193
115 39 718
99 70 605
2 127 914
104 65 233
26 33 575
91 92 610
109 23 741
29 62 142
95 63 372
17 128 857
51 34 801
119 101 773
128 17 699
2 10 943
99 27 257
101 122 306
116 39 2
26 47 696
70 81 566
86 112 44
3 53 279
11 123 105
89 87 972
44 123 868
66 123 690
96 95 774
31 21 255
16 7 752
26 80 494
127 82 933
9 117 293
121 19 318
96 64 321
22 29 746
4 76 738
81 23 143
97 106 636
121 61 177
128 87 626
7 24 871
79 49 109
17 122 1000
40 27 167
81 124 253
39 108 914
82 8 336
124 86 377
31 108 704
88 77 627
82 90 94
74 3 792
30 17 16
22 38 512
3 84 386
28 63 233
16 48 738
48 34 840
18 89 848
113 100 898
85 24 583
97 44 339
89 38 464
52 70 686
109 12 181
116 43 274
41 114 283
59 75 532
55 116 585
56 17 125
94 21 275
112 61 825
71 89 590
12 111 420
66 99 638
127 12 20
78 38 44
93 127 559
56 1 471
88 79 947
63 123 285
124 96 877
106 1 583
86 27 83
62 66 898
2 98 887
24 31 816
44 20 624
48 93 482
81 48 452
55 40 258
60 73 488
51 105 968
19 43 581
85 37 657
117 111 88
102 19 495
78 119 363
30 93 511
108 20 725
82 38 10
87 51 17
7 76 599
111 21 460
122 124 270
55 103 523
123 25 639
21 44 31
59 110 59
18 107 876
3 58 471
105 113 645
109 33 496
60 67 36
8 85 764
38 95 578
98 56 956
123 86 144
39 115 546
118 87 50
91 40 470
126 79 105
64 101 327
107 7 781
70 19 626
61 105 916
92 83 981
80 32 983
56 18 876
4 120 696
38 37 798
100 115 867
21 55 152
15 126 453
5 31 623
69 83 411
7 101 422
75 107 805
77 19 767
74 26 68
38 33 383
114 55 351
106 121 211
76 120 505
93 12 77
93 114 601
107 127 254
100 89 636
106 33 815
43 38 296
65 81 87
89 51 596
87 27 226
79 120 66
43 28 302
27 9 766
93 59 205
51 106 652
54 61 448
70 113 273
29 106 641
100 127 873
23 59 655
39 124 524
9 59 941
29 127 173
81 58 819
78 67 117
34 94 211
38 64 312
40 108 209
101 60 746
88 94 231
68 49 244
83 69 305
14 75 960
66 110 636
118 108 236
47 69 721
90 33 285
109 21 977
51 73 551
22 3 682
112 4 734
45 53 872
109 59 626
34 26 132
30 69 406
76 82 516
69 98 667
51 78 368
122 12 618
86 85 81
22 62 687
99 66 840
128 82 344
73 98 359
92 58 623
29 16 962
59 79 180
100 78 52
63 84 964
88 128 933
103 119 739
42 17 239
54 85 106
60 20 522
16 61 184
84 98 15
35 103 111
63 15 604
38 14 39
1 27 131
35 84 681
103 78 597
118 10 515
126 39 877
122 70 940
122 24 923
27 99 944
90 12 515
54 75 931
111 1 852
87 99 736
83 126 313
34 17 751
98 49 733
120 67 911
56 40 787
86 58 901
74 107 428
69 89 804
75 37 939
14 38 731
94 39 461
1 5 498
89 91 109
77 76 203
105 120 193
56 72 831
89 115 9
61 21 51
122 9 342
119 113 805
31 1 918
112 57 163
16 82 331
112 19 17
82 10 989
47 39 712
21 85 345
75 53 532
47 117 74
52 51 447
20 71 912
45 104 829
30 73 184
17 53 24
58 53 27
110 92 201
43 2 101
121 23 868
128 69 130
84 13 416
96 84 536
61 66 949
31 44 381
72 46 724
35 122 325
92 73 587
5 76 95
7 120 150
20 57 508
39 87 577
98 47 748
25 68 891
3 120 554
83 7 570
125 126 696
20 116 619
68 122 111
44 97 774
84 121 147
2 1 793
128 27 310
22 13 183
64 114 782
73 79 418
56 57 684
76 27 571
67 66 925
25 98 517
126 3 618
38 124 813
45 110 293
6 85 44
95 54 820
15 2 163
94 73 659
85 41 568
51 114 532
15 115 256
29 86 122
62 65 915
60 62 514
40 77 742
86 36 102
125 14 812
45 73 93
89 34 493
62 75 87
39 6 839
113 112 613
88 55 766
62 60 533
113 62 411
27 6 870
72 87 651
115 19 346
78 103 360
93 96 697
61 43 761
7 34 356
110 49 353
61 51 158
46 37 199
31 84 513
5 80 617
104 123 194
38 70 306
114 3 891
114 12 390
95 96 387
99 74 103
120 70 79
7 5 422
98 88 847
44 28 295
73 111 166
22 85 954
105 114 176
83 50 811
52 104 362
4 18 595
34 115 159
97 83 625
100 22 203
26 29 755
61 3 974
80 109 63
57 20 756
17 56 122
49 73 515
128 59 164
113 91 573
103 91 405
82 67 681
100 33 129
17 81 936
31 49 453
42 106 851
105 2 804
83 71 70
78 56 170
43 15 520
46 6 803
70 104 633
67 112 766
45 9 790
86 110 296
121 128 429
9 82 98
103 45 643
65 97 488
54 105 811
4 97 824
105 116 692
37 124 506
108 5 339
71 81 359
127 109 53
128 25 432
34 72 113
54 11 460
105 40 43
37 38 938
80 36 347
59 47 526
63 3 694
84 107 66
15 112 615
112 15 338
13 11 780
122 46 777
22 47 498
57 17 875
66 1 258
100 47 127
89 82 983
126 128 101
8 21 771
122 5 781
39 94 996
29 78 83
52 117 434
43 76 884
37 81 477
82 32 351
35 63 524
91 52 203
119 86 119
118 43 705
17 106 321
40 63 74
41 75 916
83 81 815
3 108 428
85 21 548
60 19 698
106 115 665
75 44 347
74 114 333
27 128 188
69 22 363
17 28 870
48 77 872
97 15 98
52 22 582
122 100 902
44 17 344
85 69 82
40 78 7
106 23 675
74 22 910
116 102 699
77 18 619
4 69 605
128 47 758
28 69 131
56 47 756
7 127 68
81 34 927
122 21 368
24 121 56
71 33 620
90 22 302
97 72 229
70 73 953
81 125 186
65 109 664
69 109 263
127 32 666
118 88 210
79 10 695
119 33 980
103 116 602
96 66 741
85 93 796
82 112 539
2 23 982
114 128 658
128 63 773
62 72 395
103 72 966
103 58 167
73 33 816
59 80 215
48 53 841
15 4 507
61 28 432
44 89 4
110 1 737
5 71 45
97 79 626
86 70 629
111 116 320
98 40 287
69 8 485
25 40 434
38 27 440
101 11 550
4 5 218
71 121 204
99 122 423
117 107 1
104 113 273
39 98 81
71 47 570
92 87 764
56 16 727
94 79 991
49 68 729
112 44 377
38 4 880
122 58 711
3 104 191
117 32 153
86 125 19
3 76 349
23 57 966
89 66 158
74 48 150
76 44 61
4 55 278
8 64 775
112 79 119
18 81 943
110 96 262
121 71 621
114 92 752
110 54 301
58 109 424
27 24 532
119 19 902
37 54 54
40 123 285
36 98 955
36 127 695
1 15 583
65 45 340
86 7 155
81 122 107
40 112 864
49 47 909
59 2 783
17 59 841
121 118 321
45 29 829
5 8 124
55 23 785
112 123 252
123 122 102
88 123 516
44 42 421
109 80 813
53 33 334
63 100 490
63 1 86
110 78 595
66 41 904
44 9 474
65 124 264
48 21 821
81 20 256
4 60 766
127 93 356
22 113 599
96 46 482
112 86 321
14 101 554
53 112 582
64 66 566
31 51 422
39 116 915
54 78 629
107 33 165
18 120 241
86 39 919
49 104 618
59 108 585
66 11 785
68 31 658
25 124 169
46 53 873
93 120 362
53 39 801
85 106 473
85 22 300
93 18 63
115 12 798
33 54 814
92 88 38
127 69 217
23 51 354
44 79 104
54 35 172
36 19 309
19 17 597
37 44 291
73 4 314
51 6 850
36 17 789
56 96 984
22 73 797
112 99 897
112 93 817
102 46 488
59 67 333
65 72 142
70 60 93
123 8 464
105 79 438
95 123 631
44 49 760
20 15 978
92 45 311
74 38 608
94 54 349
97 71 652
8 99 971
9 79 770
77 118 197
104 54 571
56 89 347
91 103 696
51 94 55
102 52 711
87 125 159
46 55 464
112 121 232
124 100 59
47 72 804
49 67 580
116 53 510
48 70 189
6 25 977
35 54 560
42 109 754
96 29 332
25 118 153
44 40 921
14 40 562
2 71 543
60 75 275
96 30 438
36 115 419
99 19 377
123 67 275
96 97 369
3 9 423
127 79 830
15 43 302
81 78 392
10 14 707
105 3 569
56 97 178
94 118 203
80 55 618
32 121 460
112 63 704
115 47 529
70 126 997
66 59 838
44 121 997
116 91 234
113 127 483
98 25 583
13 15 14
45 49 56
84 32 83
102 101 871
2 72 773
26 44 372
50 57 389
38 1 805
123 74 224
93 23 318
44 37 463
71 115 157
58 105 412
87 83 762
95 56 701
15 38 39
92 85 765
2 118 129
68 64 867
10 38 619
113 83 88
100 48 371
119 41 730
45 47 819
31 72 138
124 105 29
46 88 82
53 42 834
61 16 387
77 2 67
94 11 213
104 53 855
76 98 223
92 62 493
120 76 314
59 14 271
2 42 457
31 42 709
108 99 304
85 5 339
102 118 18
25 6 261
110 45 982
20 81 4
13 65 520
84 109 308
118 127 234
108 109 959
92 89 10
74 88 833
58 3 877
12 122 867
50 81 928
124 114 473
72 100 264
35 29 48
72 88 639
114 23 152
24 20 786
120 20 901
67 6 124
61 90 862
111 46 594
75 85 321
62 39 282
26 77 983
8 2 521
61 41 225
67 107 730
95 68 596
107 71 224
62 5 786
121 24 270
43 95 228
2 76 802
23 34 396
21 106 150
46 77 783
69 19 893
109 31 934
72 4 170
6 109 153
83 73 708
32 102 461
76 58 342
90 13 507
70 8 604
89 45 282
57 19 291
39 70 79
43 30 173
33 110 923
114 70 728
95 1 995
29 13 508
109 56 527
86 14 526
47 28 150
121 124 595
5 48 967
5 15 550
36 64 568
12 76 186
111 23 749
5 119 675
7 35 587
88 27 108
37 28 37
63 30 662
112 23 926
113 102 729
20 3 116
73 77 492
15 109 457
1 68 679
47 60 751
28 15 533
3 13 532
99 127 1000
114 75 872
72 73 741
27 7 305
22 33 202
82 113 740
73 44 684
36 70 964
109 67 111
38 93 149
36 110 61
56 92 305
119 89 371
1 114 178
4 77 309
12 97 772
46 66 507
78 125 186
59 51 77
32 53 300
117 127 930
85 6 262
53 58 933
31 52 297
43 14 296
74 85 729
127 89 856
107 41 731
31 7 370
2 66 766
74 6 40
1 40 766
19 64 425
57 32 263
43 91 341
88 97 995
111 58 588
73 116 441
128 90 959
32 74 230
101 30 514
79 127 729
120 114 623
89 112 15
3 42 858
68 87 682
123 120 837
61 107 518
83 61 391
125 50 89
86 91 187
77 28 146
71 11 648
15 29 640
117 125 267
100 119 525
58 101 20
27 54 158
72 22 730
116 60 90
39 33 762
15 44 916
12 126 431
85 33 226
126 102 157
10 33 664
89 20 534
20 34 148
126 58 724
25 12 400
70 12 523
12 53 554
34 99 917
112 106 338
12 75 288
1 19 263
29 50 868
51 14 897
113 2 586
16 126 616
91 111 769
95 73 665
97 39 164
9 3 749
107 64 517
49 12 458
116 16 306
34 39 360
127 24 42
14 60 93
7 21 839
65 51 939
64 4 503
15 39 298
79 122 707
46 29 430
17 14 237
26 111 314
119 8 454
46 80 695
85 67 468
91 24 264
56 104 830
34 28 853
44 76 944
106 94 118
54 5 715
30 13 905
105 59 530
45 89 454
93 37 671
43 13 531
11 61 23
91 89 577
6 66 593
11 110 267
15 81 636
86 106 616
44 16 90
115 61 27
46 83 401
116 5 624
118 124 622
112 85 488
10 40 914
123 119 158
121 116 428
11 100 657
126 94 364
54 27 547
43 88 603
97 27 204
121 9 341
37 83 334
34 6 96
126 34 1
70 41 711
108 52 602
43 127 824
16 33 231
39 82 568
81 24 633
86 32 662
75 47 770
3 112 558
96 101 11
85 42 205
5 107 573
91 48 824
27 73 821
6 116 601
71 5 786
77 55 726
82 17 766
34 52 523
1 108 420
6 62 420
118 2 929
15 80 226
40 116 254
128 46 180
22 120 311
108 9 973
13 38 602
104 81 205
36 114 669
58 127 538
107 84 889
101 83 378
45 83 825
79 119 247
48 91 909
11 31 860
4 125 862
38 105 437
98 46 634
85 40 648
28 18 345
11 30 306
52 82 671
112 55 834
40 74 613
81 41 946
104 51 762
6 18 377
74 2 983
110 98 543
61 15 553
8 6 852
101 96 330
98 37 262
108 69 85
37 119 907
113 6 566
86 2 894
10 5 58
13 112 682
51 98 633
30 23 50
82 25 268
3 114 44
108 10 67
1 21 261
19 66 922
114 47 920
107 50 24
79 59 114
111 103 527
93 56 369
93 80 99
27 43 464
36 65 547
90 114 296
55 4 253
126 104 721
31 88 845
48 20 917
19 1 532
12 95 107
89 69 684
32 114 244
8 60 195
23 100 696
112 56 163
128 85 673
29 125 665
49 86 741
60 79 524
13 78 561
28 98 92
82 104 590
128 127 307
38 74 19
21 75 747
69 10 938
57 88 189
51 2 296
42 66 746
33 74 912
61 111 969
18 32 773
89 96 71
113 69 898
80 82 684
92 12 94
18 119 537
48 101 100
115 36 279
54 43 185
86 21 944
29 27 108
81 7 930
31 99 797
87 79 829
66 86 804
77 40 250
8 66 207
96 114 351
87 85 3
62 29 507
113 56 548
6 90 24
26 91 584
18 6 360
32 84 736
41 71 728
63 98 644
37 22 931
121 4 11
45 46 502
92 115 511
44 114 254
92 67 454
82 120 361
119 6 844
108 119 844
53 94 142
113 71 38
86 17 528
108 11 584
59 21 700
11 116 806
80 74 183
71 66 902
68 19 745
20 19 416
107 97 450
3 123 93
107 88 1
77 114 607
125 109 938
84 114 288
70 7 673
79 56 829
44 66 491
110 95 39
44 105 200
8 16 361
124 32 833
119 100 467
125 5 353
14 28 243
111 65 84
72 38 44
69 42 13
65 23 181
126 125 529
27 117 522
90 53 741
8 75 294
3 126 442
105 18 199
117 11 384
121 99 647
72 12 720
12 125 865
29 111 775
5 14 189
35 68 724
97 41 66
36 63 247
99 31 388
110 97 799
124 109 615
98 24 367
118 31 217
101 61 334
102 54 526
57 76 634
87 54 41
17 32 779
46 20 950
28 17 863
3 24 617
55 26 59
33 86 256
4 82 447
49 34 991
109 108 219
90 59 405
53 47 210
98 97 921
111 97 37
126 59 582
84 119 123
101 82 326
107 83 568
25 80 598
62 26 255
116 74 781
59 35 443
87 65 159
5 103 928
36 112 258
11 59 301
40 72 160
123 127 271
82 14 944
12 119 963
27 44 663
51 74 594
117 110 964
1 14 141
55 32 198
80 67 880
121 33 86
41 2 130
100 12 606
56 67 950
112 2 616
108 34 627
88 39 277
123 126 30
86 10 240
46 94 904
54 111 693
60 105 64
16 41 424
49 71 527
50 33 74
80 115 533
86 11 155
8 74 926
93 91 946
5 54 595
81 5 488
21 118 433
13 30 213
66 87 998
21 100 288
66 2 960
44 43 986
67 15 294
91 99 13
61 19 245
22 37 878
42 84 475
90 97 167
17 78 974
46 38 474
14 62 558
120 10 87
56 115 147
75 109 122
119 3 892
88 5 88
109 93 492
89 128 379
78 18 458
91 98 376
86 26 44
93 11 149
87 126 531
86 97 810
11 39 466
80 126 150
104 72 816
59 71 352
49 36 423
87 17 147
106 86 237
88 54 228
116 44 560
64 99 545
109 104 156
77 29 293
102 86 321
49 64 348
92 37 297
108 84 884
51 128 58
30 92 622
57 109 545
39 67 395
64 63 580
81 75 517
69 63 898
3 68 606
16 4 944
106 100 986
96 55 332
35 116 607
93 104 186
30 97 417
74 90 735
37 82 804
90 5 573
30 120 631
104 14 638
110 128 401
32 34 447
38 10 931
97 101 195
45 21 195
92 10 183
72 98 969
27 83 945
116 127 165
112 126 94
68 84 106
94 45 63
15 103 429
42 123 5
80 38 822
90 47 21
84 122 157
49 106 327
82 118 452
87 50 265
75 105 449
58 45 128
12 3 709
3 128 788
122 4 652
89 60 686
78 108 545
99 80 839
28 116 7
66 92 303
105 56 944
93 21 649
87 127 113
121 60 183
108 61 962
108 87 798
24 52 382
120 53 946
61 54 608
55 31 933
101 106 338
90 41 811
97 56 438
100 61 1
109 124 663
56 100 73
113 16 34
63 70 245
73 83 653
8 82 558
33 56 638
48 19 576
98 127 10
13 102 921
115 119 398
54 14 596
26 37 327
46 28 548
70 58 962
28 32 249
61 112 37
12 65 518
22 69 76
102 5 196
60 87 287
54 46 877
81 29 474
78 69 306
61 45 826
31 33 652
109 62 150
31 12 706
38 36 95
28 37 891
68 96 274
22 79 528
20 1 111
123 31 865
89 19 492
41 106 252
14 63 282
36 12 81
73 6 131
95 75 596
106 19 65
116 117 112
50 83 505
119 84 335
122 1 156
118 105 471
75 50 249
125 86 356
77 4 419
124 7 249
94 20 51
11 42 341
69 76 54
2 11 905
17 37 441
108 92 490
90 61 96
83 65 237
2 24 884
33 104 870
11 109 866
80 93 369
107 80 933
109 20 902
30 124 751
109 71 419
1 49 754
105 84 282
44 50 707
15 92 692
111 92 858
111 118 290
20 102 63
128 111 747
14 39 895
21 45 127
109 70 866
102 10 161
123 9 531
38 86 13
41 66 611
96 62 918
81 52 636
117 33 463
54 121 511
26 23 483
73 106 300
62 36 148
79 8 481
115 57 52
28 126 92
1 65 824
98 4 757
114 109 956
68 74 696
124 30 336
103 60 903
27 111 310
115 52 684
11 45 893
88 22 339
64 90 29
79 66 578
47 105 294
66 28 513
55 113 118
124 25 740
57 87 250
2 67 89
120 81 111
110 12 813
50 108 596
25 82 86
8 39 941
59 38 566
68 53 804
120 23 750
20 123 337
74 80 727
31 11 295
81 65 473
122 84 49
108 76 986
127 99 941
50 37 768
32 55 785
109 22 322
29 119 887
25 92 912
59 81 766
120 107 240
48 57 272
90 74 699
19 110 805
55 63 690
67 78 132
28 40 124
28 56 943
12 87 663
106 101 60
86 8 901
83 4 482
30 53 237
101 88 588
52 66 653
13 9 58
118 30 745
63 95 650
65 36 595
82 16 415
75 4 796
69 58 893
54 80 601
20 59 837
5 22 807
94 55 159
40 66 625
1 74 459
58 49 684
54 63 654
18 83 755
98 68 308
100 75 579
128 35 918
37 11 457
44 107 694
35 44 974
79 53 724
84 22 244
102 29 868
70 72 138
77 34 802
104 109 42
125 62 561
54 20 453
21 94 812
65 110 978
2 87 188
12 43 260
63 108 458
29 79 885
50 8 529
8 62 309
54 39 607
21 47 303
39 44 432
92 97 246
83 96 450
106 5 702
24 2 502
95 70 505
107 73 421
35 24 628
51 121 834
26 66 543
22 122 657
75 100 75
23 81 843
74 81 467
85 44 373
63 18 645
87 73 137
5 1 965
14 53 101
108 41 669
44 38 117
76 59 131
118 13 704
21 66 190
29 26 867
42 53 554
107 99 661
114 25 142
41 77 744
118 100 913
101 43 619
13 52 360
3 119 537
47 45 312
12 38 742
70 39 535
84 25 355
34 126 929
124 8 923
21 96 663
124 37 573
123 83 17
19 61 169
45 36 432
120 78 146
13 79 210
58 106 265
11 37 676
122 87 584
67 36 653
22 128 262
79 75 429
52 16 157
99 109 479
5 117 611
16 85 442
24 110 833
14 12 969
115 72 836
72 53 970
120 47 880
47 74 502
7 74 76
81 77 425
17 2 613
94 75 698
89 67 780
119 67 4
84 61 995
83 15 150
20 100 427
90 81 351
60 89 786
24 104 184
91 11 663
95 107 70
99 32 496
87 15 88
39 42 373
99 119 126
21 13 650
124 89 917
32 35 376
41 36 868
7 31 320
75 38 963
27 80 135
34 80 187
89 22 84
100 41 886
61 102 136
87 103 780
79 77 690
117 126 328
80 37 61
121 51 497
77 41 462
114 71 119
33 105 674
117 22 328
92 1 156
111 70 585
18 45 462
113 94 961
126 46 568
56 39 485
119 44 591
93 15 205
126 11 393
50 92 349
45 39 438
101 108 961
125 72 271
63 67 558
66 128 445
69 99 1000
99 12 291
94 38 376
65 11 323
100 20 108
34 30 959
33 51 96
71 68 961
110 17 600
54 37 796
12 58 463
80 15 11
126 96 779
12 67 311
61 42 143
43 47 385
75 60 987
67 125 877
7 41 478
54 8 799
39 71 909
109 13 690
19 20 115
8 56 890
17 40 514
40 1 822
18 94 629
7 57 533
123 69 417
5 4 565
111 94 891
97 36 832
101 80 239
39 41 399
40 106 277
43 105 437
35 93 176
68 32 850
30 121 122
117 7 486
84 6 199
127 39 161
42 37 740
79 114 968
108 37 359
94 49 949
26 4 40
55 25 992
31 2 580
61 100 784
92 49 117
7 4 781
90 16 80
93 72 19
5 32 972
90 75 525
86 18 199
118 15 838
7 122 712
13 126 848
69 87 835
104 112 393
48 68 121
70 86 347
33 9 25
103 115 302
53 121 847
96 6 292
92 48 847
114 31 165
28 124 234
76 8 359
100 101 375
115 51 591
111 124 788
88 24 312
93 34 563
116 78 711
123 101 219
76 12 948
101 123 256
20 11 698
74 62 265
46 110 92
101 91 322
91 9 283
49 1 106
7 88 91
19 5 531
127 13 810
27 35 478
56 91 841
127 123 804
40 47 932
107 52 519
57 30 725
75 6 78
3 11 768
124 4 966
115 30 823
97 89 566
36 69 625
52 37 415
80 60 318
14 52 381
123 58 510
43 90 286
85 73 628
31 36 75
122 68 140
28 88 972
115 101 794
20 49 538
42 122 184
118 47 679
62 119 531
70 26 287
60 121 530
108 2 750
100 59 788
8 124 681
63 88 281
14 70 594
41 43 387
29 32 36
122 59 1000
61 123 802
8 111 842
45 61 859
42 22 816
19 60 387
121 49 479
8 81 543
122 17 644
21 95 550
115 9 366
121 25 682
79 65 542
41 45 941
33 19 233
110 36 358
14 83 402
47 100 335
56 13 842
110 111 86
40 20 890
23 49 811
69 67 853
68 41 683
44 11 320
95 105 670
95 120 309
4 50 279
57 99 178
94 106 16
95 85 476
109 46 519
65 89 714
81 74 802
13 89 497
102 25 839
42 104 88
32 10 165
112 124 525
122 67 121
74 75 217
83 80 934
41 92 798
43 20 208
114 79 335
119 62 516
6 56 734
85 35 523
52 31 595
105 67 252
57 115 918
96 94 924
51 117 189
55 123 843
83 75 406
24 101 701
63 48 223
127 66 998
100 109 71
66 107 571
90 15 385
30 114 715
52 49 843
121 83 299
6 70 261
104 36 981
119 37 343
115 68 608
6 92 960
106 54 487
105 98 440
43 73 282
73 81 671
127 25 100
25 2 491
27 67 110
23 12 978
9 72 557
76 52 121
85 74 245
50 68 68
102 2 237
46 113 324
71 3 826
79 44 326
40 25 543
29 84 818
120 62 282
52 47 880
93 123 460
19 77 678
14 25 91
126 32 245
11 102 517
60 103 796
11 86 774
80 91 311
3 48 572
85 111 557
122 45 254
56 34 451
86 38 239
60 8 935
72 64 665
53 28 324
32 63 866
97 65 50
66 13 250
10 68 974
23 110 985
13 41 711
52 123 764
18 72 33
39 38 621
74 12 993
7 43 958
35 78 942
85 30 406
125 33 455
125 20 279
54 65 390
65 56 869
77 7 627
58 39 555
48 39 548
113 122 631
14 90 657
8 116 181
68 52 203
64 9 501
77 99 274
29 123 860
62 102 678
126 54 694
10 4 891
113 81 787
56 123 230
39 30 465
102 59 508
116 63 298
94 2 651
64 27 345
2 51 118
91 35 483
106 18 740
7 63 610
51 125 519
74 11 866
106 58 699
45 25 739
119 94 824
94 124 683
93 8 100
54 36 378
94 86 97
27 18 63
29 91 361
48 14 875
90 117 924
28 95 546
95 17 454
6 39 892
13 19 493
112 96 534
103 35 826
32 123 697
119 122 120
33 3 666
65 79 133
23 70 491
44 31 290
88 85 612
28 30 106
44 108 273
78 27 358
3 10 947
67 39 91
70 120 346
23 87 120
105 34 998
55 28 516
87 57 183
76 85 21
9 54 95
115 79 593
103 98 644
76 108 412
115 93 17
122 37 44
6 50 857
8 7 137
64 96 831
5 85 263
122 126 921
84 113 641
120 82 119
29 57 775
42 35 880
42 20 592
67 17 338
38 47 102
45 93 556
7 113 582
93 97 336
99 101 741
90 10 638
53 8 165
95 39 884
74 10 452
49 9 947
108 104 624
125 127 343
57 92 363
72 56 527
74 113 187
119 87 47
86 73 579
21 19 369
87 2 122
85 92 95
37 49 612
99 3 606
42 44 49
43 64 861
56 41 334
54 19 992
38 104 530
27 49 838
53 103 706
77 10 905
34 71 778
36 41 38
39 77 72
91 13 662
108 32 678
45 80 75
75 74 106
29 101 293
122 36 828
7 54 528
15 55 563
123 63 214
101 117 619
15 32 321
95 90 59
26 114 642
113 126 96
37 61 110
87 74 502
46 114 530
41 62 853
76 124 375
119 58 400
29 59 273
59 95 7
5 122 50
12 69 218
15 31 114
91 30 831
3 109 591
1 24 281
14 45 333
74 53 746
83 63 269
87 20 577
63 36 472
120 24 384
88 101 514
1 44 463
98 19 536
6 111 621
84 34 85
63 80 874
108 56 105
77 127 516
83 23 532
28 43 918
25 55 306
55 119 699
16 98 407
91 14 168
34 113 210
118 113 515
54 102 19
114 1 374
44 3 849
80 106 688
116 96 389
77 13 432
65 71 522
93 65 39
85 82 117
14 104 426
97 107 943
114 83 336
68 79 978
107 11 468
40 44 348
39 52 535
7 10 926
6 67 144
65 12 499
36 101 354
114 40 726
83 119 338
76 38 616
3 47 931
3 59 571
21 24 246
114 48 717
125 111 805
45 75 679
4 73 472
18 48 9
71 128 136
6 46 23
24 56 953
66 9 882
9 22 233
70 127 134
106 8 720
21 88 648
40 29 89
61 73 158
18 88 851
14 91 693
25 4 240
55 121 568
48 78 984
106 6 804
13 14 259
63 72 661
126 91 778
2 65 344
43 126 885
13 27 698
64 10 90
118 121 261
67 90 467
25 107 610
113 35 831
56 49 305
64 92 279
53 127 841
46 117 932
81 22 965
21 128 342
104 43 851
79 22 620
4 2 829
115 46 440
103 3 195
48 66 610
74 84 158
126 119 828
14 96 158
89 40 152
50 99 143
24 105 914
86 104 388
68 66 236
39 128 675
82 121 191
37 30 540
102 87 500
126 110 594
126 24 449
114 123 847
85 84 654
114 105 910
28 107 136
63 49 729
113 74 816
31 54 542
108 102 52
67 14 454
67 50 410
47 70 533
82 97 406
125 80 850
34 121 220
30 88 395
57 79 545
8 106 108
35 76 29
99 81 960
33 5 857
89 118 595
17 4 321
64 74 552
128 8 907
78 16 733
48 126 830
118 6 732
38 5 82
12 62 478
123 37 120
4 57 781
45 63 487
85 89 237
81 8 342
49 22 258
118 63 427
40 100 967
75 45 855
84 95 850
97 35 885
112 58 117
111 123 675
51 18 994
1 91 397
126 62 204
26 116 641
16 50 879
117 128 673
89 95 678
2 36 724
73 57 65
127 90 322
23 117 730
118 45 952
123 65 328
44 26 503
6 101 847
1 58 470
25 1 279
93 116 637
27 106 279
27 75 779
104 75 594
75 79 576
94 59 175
94 93 833
77 22 74
27 79 42
113 41 506
94 88 943
90 119 861
124 28 728
62 101 527
50 10 304
10 47 767
78 94 16
13 91 494
22 124 556
127 128 291
93 31 242
120 126 207
78 26 458
71 60 65
81 84 607
127 104 447
88 34 461
126 105 610
83 20 743
50 104 777
56 83 694
28 52 289
101 28 899
110 86 603
36 26 26
120 65 818
38 20 115
36 33 584
12 4 607
126 122 360
77 87 132
39 127 955
119 95 653
3 72 625
127 113 896
23 69 918
4 12 895
41 72 827
128 37 229
124 77 218
109 11 123
112 127 7
68 2 639
80 114 106
14 71 762
117 51 815
26 99 570
4 93 377
77 15 864
18 8 296
93 66 260
1 60 281
62 64 250
62 126 606
31 110 706
4 47 991
54 23 587
84 64 29
90 3 797
9 44 51
95 91 993
123 98 993
47 98 128
37 76 481
40 80 956
75 103 757
24 26 796
123 111 120
112 11 830
58 11 815
121 53 175
2 3 753
42 100 354
102 76 808
66 30 379
62 99 598
2 59 126
119 83 972
75 111 192
117 1 431
79 86 393
79 14 27
71 91 733
12 68 401
75 98 192
28 16 649
5 26 968
72 80 279
4 121 285
22 32 276
70 128 3
121 125 143
59 1 170
32 104 898
33 47 69
5 128 141
74 97 698
53 82 506
107 28 666
116 26 285
51 103 75
108 54 983
9 42 458
21 43 960
34 107 629
97 126 842
63 5 199
100 80 723
25 100 750
30 91 217
108 38 76
62 37 77
36 122 425
43 12 410
74 31 419
34 33 559
50 75 555
53 84 288
11 58 91
18 41 41
10 37 210
121 127 133
104 56 877
25 8 959
13 17 38
73 5 187
96 2 630
91 68 227
128 48 326
45 118 642
16 105 499
86 50 848
83 51 124
16 83 140
53 38 264
23 89 177
112 34 793
67 96 732
113 125 578
110 87 544
54 99 128
73 107 761
42 51 148
40 54 633
114 37 267
94 116 367
104 117 86
85 110 643
7 109 697
69 54 616
69 105 302
19 124 472
125 106 357
78 53 990
30 95 704
69 60 900
46 96 287
76 97 517
9 74 819
25 102 857
49 128 314
93 5 551
45 20 618
27 29 896
118 25 607
98 123 359
73 46 328
53 5 516
15 63 903
19 72 800
108 40 262
43 61 683
2 103 578
44 4 111
40 10 569
49 125 773
70 14 821
100 38 284
53 59 924
124 76 766
10 72 664
27 2 283
110 89 461
48 67 771
125 100 638
95 106 142
21 79 498
6 71 192
26 102 209
45 117 406
95 109 795
8 28 217
119 125 151
74 102 85
78 10 548
51 49 54
111 7 699
6 8 487
8 117 497
37 126 488
47 102 40
125 66 956
113 107 130
102 128 5
15 28 779
75 124 8
100 34 403
115 42 494
44 122 338
84 43 948
35 118 891
19 117 398
80 59 582
2 27 521
122 26 543
116 75 477
97 115 206
87 67 572
55 114 22
32 5 932
76 9 823
67 28 143
74 7 81
90 11 437
57 26 842
124 31 470
93 76 347
120 90 253
122 119 146
38 2 982
7 92 202
66 32 488
53 52 479
78 51 544
10 127 333
51 13 9
13 21 825
80 3 944
88 66 848
128 123 506
59 65 287
16 59 841
47 75 527
49 42 560
59 19 782
125 96 62
16 63 97
28 41 987
103 16 827
53 97 222
101 19 631
41 83 830
49 122 971
45 70 188
17 30 845
96 83 376
4 70 979
120 63 395
76 63 889
61 78 65
98 69 654
68 16 67
75 94 367
84 30 106
117 105 151
122 35 758
111 78 176
86 29 217
74 44 135
58 63 35
103 92 210
49 123 60
106 103 494
49 18 151
46 122 67
2 43 421
14 77 318
7 73 856
48 112 925
6 74 236
35 6 307
18 3 235
113 119 255
128 61 94
22 72 817
58 112 828
64 102 920
15 56 817
72 81 698
45 103 567
75 102 927
20 18 663
107 93 391
54 31 667
43 98 18
82 101 325
107 87 244
88 93 113
52 83 219
49 80 569
119 56 799
89 68 534
108 46 47
75 54 559
101 76 112
53 120 889
65 27 434
46 72 536
44 91 385
68 73 729
70 68 681
104 42 372
92 124 583
32 67 242
121 29 81
16 53 474
8 38 873
6 31 520
114 24 765
101 2 786
122 101 870
117 14 48
86 22 753
4 72 7
115 10 961
78 73 905
37 103 815
71 87 263
77 116 898
58 114 701
84 90 323
113 43 308
9 73 196
27 13 472
125 60 451
2 46 971
66 54 566
9 26 147
13 43 32
124 92 994
2 107 195
28 77 984
118 12 670
84 108 803
75 17 556
118 66 828
101 20 959
61 79 666
34 13 639
15 102 468
11 20 442
92 64 350
14 115 138
81 127 107
95 4 238
11 2 756
96 106 161
119 81 243
2 121 970
99 54 524
64 117 577
48 56 875
90 116 88
108 39 651
31 41 226
12 116 632
37 14 589
3 89 908
25 76 367
43 84 44
91 56 324
38 106 395
64 81 289
39 69 138
119 127 43
46 118 712
93 63 961
88 111 733
55 92 444
109 68 633
55 6 554
22 90 833
89 31 359
31 26 515
83 8 630
122 39 824
79 91 172
93 102 190
101 51 638
62 103 929
102 91 970
87 128 78
61 86 816
72 97 86
3 17 346
49 7 612
60 125 392
91 45 884
48 99 465
48 44 407
3 28 969
34 24 600
125 18 71
113 57 481
116 32 224
81 128 666
32 117 600
82 74 741
121 91 16
66 8 731
8 13 965
64 93 903
55 74 504
29 31 627
17 101 347
11 34 107
31 61 370
127 103 933
8 50 290
121 84 607
97 28 686
124 128 568
87 69 48
80 30 489
51 10 473
39 48 963
68 93 591
113 78 635
111 84 942
44 67 779
34 32 737
15 59 913
10 76 95
83 97 701
79 121 470
29 80 93
13 109 615
74 98 680
38 30 962
60 111 412
1 110 253
13 60 674
94 83 731
124 65 184
78 15 18
96 21 181
113 51 785
69 53 412
105 14 131
49 82 893
65 113 991
110 60 896
118 21 928
120 128 427
104 82 561
79 38 340
119 18 585
115 24 191
21 93 178
81 36 530
24 116 701
55 109 158
74 28 450
45 105 754
83 92 859
90 101 459
109 114 719
96 68 26
47 118 888
59 99 727
119 104 322
34 88 259
112 60 506
53 35 538
3 63 401
93 99 824
115 5 310
74 59 376
84 105 738
121 105 587
51 109 93
93 10 756
75 122 341
63 75 671
122 125 847
96 89 677
121 113 745
102 11 111
85 50 371
59 43 671
104 2 680
83 6 690
10 28 753
121 107 897
86 42 448
97 11 772
89 90 2
120 32 866
86 61 775
127 17 243
84 86 993
128 101 332
12 90 581
77 31 712
100 50 469
16 106 695
101 99 876
40 107 671
42 102 515
43 111 811
101 119 53
109 107 213
109 115 639
87 119 779
17 34 706
115 38 675
105 107 726
82 110 438
23 98 241
45 128 162
73 70 182
15 124 8
98 92 424
96 99 380
1 26 1
38 89 326
28 109 79
13 100 673
88 60 712
101 7 548
28 127 29
20 67 733
91 80 743
95 128 114
9 101 997
63 82 952
30 94 744
52 98 357
85 56 824
42 60 36
63 120 992
88 92 390
58 110 302
82 128 261
110 74 401
89 54 134
98 45 1000
35 39 701
41 95 837
94 8 820
124 118 589
59 16 272
12 73 86
38 115 213
17 35 407
89 28 459
21 111 392
5 25 420
64 77 194
13 53 335
83 87 701
120 56 603
66 16 715
23 53 422
118 29 81
125 87 932
78 57 590
99 82 154
57 18 878
115 109 393
40 119 712
106 3 543
126 107 836
99 34 295
107 92 771
79 47 301
100 108 306
4 19 209
36 43 500
112 62 662
70 75 420
97 128 247
4 98 640
24 85 477
23 120 698
51 87 127
79 64 295
72 119 277
86 107 722
63 11 268
58 107 245
13 125 217
43 74 725
36 100 289
9 112 123
9 99 135
69 94 970
10 108 330
4 95 95
22 114 688
4 3 973
27 16 527
6 34 140
5 63 900
16 86 60
21 112 429
76 57 627
112 18 344
83 115 691
67 26 281
54 41 888
56 36 91
41 56 343
15 127 835
98 119 364
44 85 222
39 60 130
74 110 931
19 32 474
10 113 495
28 46 820
63 64 127
118 62 758
70 23 43
101 70 130
108 85 88
55 81 561
110 40 855
64 62 678
128 92 919
97 5 519
40 57 496
107 20 587
45 38 999
53 40 288
55 8 900
112 116 293
120 106 287
46 49 821
61 126 153
77 64 489
2 104 339
36 120 701
33 69 140
119 35 802
126 19 80
17 47 967
121 72 253
64 84 336
84 115 673
128 117 505
105 106 269
127 54 1000
57 33 319
18 46 843
15 114 772
105 74 158
82 125 285
96 110 646
91 104 105
58 91 697
5 77 504
108 1 270
45 92 407
105 108 403
77 25 971
86 60 393
68 70 281
56 82 22
94 109 110
25 47 716
103 94 382
109 92 288
21 5 338
117 30 974
8 108 931
38 82 885
3 25 435
59 52 673
75 52 399
64 108 475
18 13 709
124 127 652
72 20 903
50 86 42
40 126 90
76 106 940
61 48 949
5 116 266
104 125 239
65 107 37
21 14 89
54 101 377
68 12 977
97 30 767
42 95 827
59 74 523
30 86 618
107 9 823
27 76 993
36 117 656
96 25 303
8 53 902
11 65 738
25 127 101
120 95 950
91 26 188
20 56 753
96 100 497
2 105 413
93 115 423
69 52 298
117 73 219
74 14 741
69 91 922
86 51 626
47 56 930
20 51 930
67 87 564
118 106 969
54 82 101
106 10 790
113 68 641
92 103 728
33 108 264
68 33 855
5 79 899
70 99 382
33 103 185
19 59 124
64 12 347
113 52 45
10 39 51
8 54 457
53 116 512
72 113 450
105 24 323
34 84 369
62 43 204
100 110 982
1 122 861
104 45 333
37 121 399
121 74 449
88 102 168
123 2 316
104 25 794
124 12 48
35 94 382
79 51 222
53 50 730
59 109 817
101 29 161
120 127 380
42 11 426
35 114 198
125 30 963
79 63 734
78 46 294
11 74 923
45 19 890
118 128 862
65 52 446
24 23 215
110 16 876
4 124 733
110 31 533
48 25 118
81 51 78
104 122 599
66 114 85
35 20 301
43 7 593
100 51 489
27 78 420
67 32 981
70 36 221
18 25 528
34 63 663
10 7 190
29 82 762
25 93 706
102 116 352
18 24 264
50 16 698
65 96 345
22 48 675
74 104 246
86 98 475
111 37 349
2 123 340
7 82 854
92 126 533
112 71 982
36 62 488
31 62 17
77 123 498
111 15 719
102 97 619
59 83 796
4 8 299
93 89 177
50 15 201
119 99 182
26 32 429
116 87 745
68 55 638
47 101 56
118 60 996
72 124 227
17 109 83
121 52 761
16 32 339
16 39 344
106 96 992
23 102 375
64 19 279
16 116 44
104 85 612
36 56 784
55 42 294
68 44 911
6 37 865
102 94 845
82 89 254
28 101 597
60 12 492
24 11 540
45 22 665
78 106 419
118 41 173
42 57 177
21 119 853
45 33 947
55 94 936
66 50 918
79 125 518
67 99 737
94 120 673
93 54 916
65 90 323
91 118 6
50 66 611
30 44 746
34 89 251
9 118 441
97 50 488
58 123 195
66 21 947
71 100 220
107 91 355
46 75 313
26 36 328
15 61 467
80 25 31
48 104 969
22 81 834
45 11 80
4 35 649
101 17 781
94 95 565
56 44 595
112 40 978
43 27 87
14 116 239
11 71 380
94 82 570
85 4 602
58 99 47
7 14 57
95 27 285
9 71 33
119 68 801
69 107 796
102 99 324
65 16 188
96 88 424
53 15 492
114 29 283
2 74 328
107 86 683
128 77 320
89 94 970
75 126 666
111 26 39
42 29 434
21 115 458
91 82 18
61 127 152
101 86 456
35 25 674
46 106 928
96 38 69
92 53 574
51 20 68
108 23 970
87 82 717
71 37 422
106 12 447
12 9 246
28 108 256
87 122 252
81 99 867
58 51 278
12 123 437
113 82 588
124 55 419
121 87 200
19 28 903
1 42 891
74 64 392
99 126 984
60 39 857
80 34 165
39 16 974
76 81 762
32 19 825
21 61 764
19 111 596
25 126 523
41 20 49
16 57 624
89 7 98
128 32 185
86 90 711
51 26 680
127 94 682
43 92 303
107 110 378
36 89 574
99 98 274
51 83 502
39 62 275
2 99 29
46 125 584
27 61 646
84 36 923
116 101 757
127 111 942
72 111 79
7 13 249
123 27 235
123 21 505
81 120 343
33 100 234
83 94 71
24 91 701
29 48 578
9 115 830
31 90 720
112 50 60
124 111 160
90 83 372
33 118 144
121 120 160
58 92 959
17 126 701
11 62 339
14 122 75
26 34 448
67 72 735
1 4 508
69 64 608
19 36 212
10 94 28
98 67 189
24 9 2
96 123 116
23 48 752
87 104 173
32 57 561
116 24 901
127 108 577
108 53 81
75 30 541
89 10 831
97 98 366
80 113 645
14 26 562
47 14 983
2 106 326
79 105 125
20 54 473
55 50 897
125 107 906
4 80 528
64 61 721
21 10 807
98 122 302
107 125 401
71 96 950
126 56 579
22 106 854
71 82 798
128 71 670
90 23 7
17 19 918
109 15 735
106 24 311
11 92 7
24 21 540
87 39 284
16 107 851
80 105 921
119 115 705
111 19 90
38 13 481
98 39 52
63 81 405
77 62 605
22 5 27
90 95 67
96 7 607
80 42 594
50 3 384
123 51 751
49 45 304
2 14 130
76 119 506
30 66 475
16 127 880
47 111 45
44 100 804
69 72 564
114 22 170
27 41 159
68 29 928
72 121 523
58 15 946
107 115 124
101 48 699
110 80 70
52 75 109
41 67 176
40 118 82
91 86 786
98 93 683
110 6 525
3 106 562
29 76 386
69 23 687
33 80 329
113 65 736
96 40 202
67 58 246
98 89 241
80 72 928
37 51 421
26 8 510
56 70 432
48 102 393
106 26 107
120 43 678
86 99 772
81 90 867
81 15 736
65 41 741
126 112 118
78 82 574
69 34 958
125 104 929
65 78 503
82 66 337
105 43 445
87 37 694
92 72 100
6 55 431
65 2 465
13 84 376
64 95 696
119 63 915
64 44 636
29 118 81
120 121 213
43 104 433
44 119 220
22 105 547
69 121 886
27 124 338
84 63 978
126 37 56
67 18 23
61 63 872
128 102 493
22 94 223
55 46 940
19 54 982
4 34 751
37 47 963
15 50 900
76 26 96
79 2 869
26 49 721
40 17 394
73 128 948
26 127 797
118 101 227
85 128 183
72 92 422
13 23 218
22 64 342
36 81 937
29 70 476
68 91 902
39 45 319
2 38 326
66 46 619
43 67 435
39 63 407
65 62 695
40 114 785
118 85 496
76 4 681
108 57 188
10 106 780
123 57 845
125 12 921
11 4 488
28 121 814
117 123 75
119 9 162
70 50 295
76 99 909
11 94 801
75 59 143
116 9 339
58 84 995
53 71 309
88 100 591
108 114 184
53 92 257
5 62 664
108 8 162
45 6 847
94 98 255
30 49 27
70 69 512
100 125 280
98 113 388
58 111 277
107 58 610
38 7 679
93 49 413
127 16 858
121 82 928
86 105 978
126 121 343
14 19 192
31 25 473
88 103 541
65 83 162
8 14 802
71 114 278
65 59 508
38 92 539
109 61 52
114 20 439
29 44 393
18 51 643
59 128 431
57 120 538
50 103 588
63 27 578
84 97 736
47 79 976
42 112 124
23 119 690
45 37 546
85 88 669
49 92 765
36 13 471
14 42 721
83 11 752
47 3 341
117 45 958
107 57 329
14 72 294
126 15 270
103 46 826
22 43 166
22 59 478
108 6 995
24 44 704
18 86 463
33 66 262
44 87 351
93 103 624
28 120 968
3 23 297
19 67 54
97 9 334
36 27 968
72 8 973
98 96 465
46 14 775
20 5 776
76 40 514
92 57 783
20 14 299
128 89 468
83 27 686
24 53 555
128 51 421
25 42 402
54 103 788
75 80 688
103 77 977
72 67 777
28 115 856
35 117 487
38 99 579
105 27 704
60 5 610
8 26 953
10 56 253
23 88 108
39 92 403
17 42 484
108 105 375
32 33 532
102 62 736
11 115 503
38 116 960
107 47 892
27 114 201
22 52 110
47 125 915
69 73 160
77 125 379
42 78 557
73 102 786
95 74 493
56 125 578
124 46 382
24 64 506
103 123 639
115 49 648
59 87 262
49 74 216
66 112 746
116 119 289
105 71 852
60 116 393
6 94 892
12 34 709
38 12 409
51 12 782
73 52 177
12 128 921
91 73 150
127 61 394
96 41 807
99 78 560
33 102 933
110 83 227
115 80 200
76 101 345
99 64 460
93 60 567
67 113 695
69 28 97
14 24 979
21 104 984
42 1 790
99 91 791
87 110 346
88 25 329
106 16 898
32 59 93
111 73 310
72 123 931
56 103 439
111 72 665
64 18 374
72 52 176
17 100 241
43 10 243
44 29 67
33 72 603
54 55 653
64 82 433
112 119 935
98 63 973
125 79 335
51 99 797
94 4 824
61 128 224
61 68 493
121 115 264
74 43 742
128 125 749
42 41 515
91 51 358
76 71 458
22 49 368
21 121 888
6 4 414
126 1 680
68 95 564
109 118 276
96 118 256
42 86 240
66 40 540
28 26 692
32 31 945
1 82 421
5 56 801
43 22 839
3 38 937
128 38 733
127 122 941
72 7 321
6 61 610
94 96 463
32 42 10
30 85 612
115 84 288
54 86 658
62 76 65
5 67 22
122 31 597
72 55 349
26 20 675
112 113 782
107 116 742
116 98 296
102 45 828
55 9 555
72 65 765
53 98 871
5 64 28
106 81 225
101 13 765
31 64 235
18 73 803
72 104 715
77 101 24
66 70 651
77 72 753
99 92 633
27 40 111
127 18 578
96 5 553
68 35 336
102 56 224
37 40 955
114 64 811
105 97 502
47 49 947
128 80 196
106 125 835
22 51 51
38 17 676
57 114 708
117 34 366
23 76 404
56 3 224
49 14 244
100 68 331
114 38 236
111 54 62
56 122 512
95 44 186
34 74 748
124 39 539
27 81 611
63 68 971
58 97 441
63 62 937
125 49 832
42 61 406
26 38 99
105 118 930
57 107 955
114 98 654
31 124 924
16 1 253
121 32 137
99 1 777
127 53 405
101 105 723
43 94 692
25 67 340
76 60 549
45 34 795
68 71 307
63 58 780
79 61 489
59 10 965
60 16 915
22 40 297
120 103 686
109 30 581
108 43 238
66 80 997
82 71 699
103 65 684
16 87 263
29 43 918
38 57 116
69 16 154
9 104 290
102 106 976
108 47 449
120 71 54
84 49 59
70 122 147
52 69 890
109 100 138
91 19 375
31 46 988
85 27 287
64 67 368
31 116 437
91 76 331
111 114 768
73 53 356
55 80 55
102 48 758
21 30 607
121 67 778
31 23 244
127 3 598
21 81 546
125 41 25
125 21 985
91 37 100
15 20 604
73 54 635
91 66 430
124 16 39
14 106 163
72 33 738
21 37 579
108 96 53
27 32 616
65 35 510
9 94 872
75 88 125
66 19 282
116 18 849
93 6 562
104 69 966
47 12 865
77 94 606
66 90 865
88 14 674
14 87 225
57 86 355
110 59 766
125 74 303
106 80 241
59 22 901
30 65 495
39 11 801
128 73 96
22 88 185
83 112 290
73 86 467
80 27 976
80 16 676
94 68 157
83 91 507
9 96 997
119 78 332
29 65 577
106 27 759
109 128 435
67 93 947
13 110 264
101 89 368
66 78 844
84 29 894
58 78 162
106 116 218
125 101 667
101 78 752
2 94 532
81 27 294
4 37 226
29 15 305
72 40 688
64 78 593
60 48 242
112 7 210
67 100 712
57 29 926
1 7 466
56 113 709
47 110 655
43 107 289
112 22 270
113 42 217
3 40 755
21 109 106
113 19 36
73 69 869
107 34 648
75 104 187
37 35 693
51 24 868
107 40 717
105 125 692
1 117 271
116 22 615
14 59 49
50 122 221
118 111 296
127 76 660
80 46 767
79 111 620
11 33 147
39 43 374
100 87 867
128 19 281
46 105 261
51 124 161
41 4 166
60 15 673
97 46 595
80 84 632
123 52 162
63 32 543
16 128 469
47 33 128
120 52 810
22 20 574
111 50 639
100 39 230
116 105 638
64 45 751
37 50 468
52 81 475
26 82 921
31 75 472
28 117 543
87 107 305
67 51 714
37 53 684
25 36 593
126 99 860
12 108 963
124 73 743
82 30 191
127 23 725
115 103 131
91 27 262
115 88 619
39 12 962
51 45 300
115 65 269
26 53 80
125 4 419
50 128 483
81 70 462
92 118 777
48 16 472
78 48 634
5 100 841
72 21 236
88 64 715
107 48 755
25 60 362
33 121 945
11 51 177
78 47 727
54 38 771
48 23 928
109 105 363
84 28 47
29 97 890
112 75 877
67 60 138
127 29 503
109 110 453
57 63 161
77 66 14
28 74 113
10 69 523
19 113 417
118 46 765
37 122 234
73 65 23
103 110 904
111 49 926
101 49 433
71 101 922
21 77 681
118 3 674
115 3 340
102 77 857
92 107 225
1 23 674
62 89 444
92 110 843
12 72 911
69 122 746
114 6 690
103 88 266
120 28 117
51 123 409
104 102 608
6 49 559
127 75 12
82 84 698
128 114 979
82 15 506
10 79 714
74 79 423
5 52 830
120 96 447
123 70 76
116 81 357
3 90 784
49 23 920
45 100 572
8 10 867
89 119 820
116 73 647
45 3 265
27 93 879
127 38 777
124 2 708
23 37 223
87 21 984
24 114 529
103 12 890
75 70 573
111 56 398
94 67 348
26 9 998
128 107 676
44 30 681
69 111 107
105 17 314
24 5 15
57 113 263
2 6 394
115 34 700
95 41 42
107 59 74
19 105 619
99 86 734
121 13 48
49 48 788
95 111 972
53 74 590
9 56 357
26 108 761
91 25 153
120 60 371
23 67 932
63 76 437
87 19 661
38 29 268
77 48 22
31 122 83
13 46 579
9 36 359
102 75 255
86 95 966
32 27 252
126 81 639
63 79 506
4 33 93
92 98 529
94 62 653
125 78 564
90 48 864
25 31 892
72 122 408
81 116 625
76 28 487
5 57 35
37 112 836
125 15 251
5 38 630
128 53 632
42 7 410
23 8 231
85 94 652
9 20 597
65 17 861
106 52 30
108 60 41
126 114 16
55 19 500
19 11 581
66 79 678
97 67 908
105 117 869
111 83 168
86 59 437
20 25 766
92 29 30
64 11 182
59 44 518
29 18 298
58 102 428
93 68 130
32 49 849
31 81 899
128 75 111
53 16 934
77 42 232
95 80 746
31 103 804
93 79 63
73 27 771
77 44 311
8 4 985
15 87 679
5 60 93
18 111 955
73 45 410
100 71 447
111 16 767
91 85 39
33 6 340
65 47 877
35 53 699
111 35 781
35 62 757
30 25 921
34 65 839
30 3 66
82 69 82
63 112 935
49 62 889
28 47 951
21 117 497
53 30 59
93 100 872
91 79 803
101 93 917
5 72 676
49 44 754
54 108 111
112 91 668
104 90 214
61 109 53
126 73 440
14 10 129
75 66 424
24 93 463
101 125 569
95 50 62
123 61 80
111 47 886
114 118 190
54 32 688
34 59 451
56 9 386
107 30 885
62 13 723
63 52 812
68 61 152
123 20 46
40 9 932
7 80 809
52 7 545
88 33 514
79 81 565
26 67 117
96 26 167
61 72 763
102 122 607
35 90 534
99 45 963
48 3 741
118 96 684
94 111 869
67 121 454
46 76 136
115 63 731
16 76 831
8 76 264
25 122 95
113 29 971
106 22 549
81 79 267
34 62 308
94 77 276
87 63 790
39 18 402
11 104 562
126 48 107
76 64 63
94 26 71
117 46 635
5 98 449
34 35 512
79 87 324
127 28 376
112 43 206
46 57 354
27 37 672
98 78 92
32 28 593
100 116 763
104 119 848
36 2 953
23 6 588
82 108 880
21 57 134
117 2 814
29 93 995
124 99 782
82 4 950
54 7 225
75 127 753
76 29 333
76 116 375
104 74 678
90 64 224
39 117 545
108 49 199
41 37 95
105 94 6
36 109 412
102 69 788
17 68 9
94 122 540
92 30 471
94 35 757
4 90 104
1 33 20
42 110 901
26 101 647
62 124 287
49 116 668
42 75 562
2 33 574
62 105 808
89 72 777
57 123 206
30 61 169
9 28 654
70 6 613
80 87 183
71 105 502
69 74 404
54 26 394
125 13 386
65 87 714
64 85 689
115 45 144
86 47 123
68 115 413
106 120 127
17 61 178
105 51 719
7 93 530
66 22 730
54 84 4
80 28 846
78 68 919
37 107 430
23 18 221
73 71 203
83 37 213
53 70 342
26 73 703
12 74 540
2 102 3
78 66 928
10 23 230
104 3 825
121 94 165
60 93 230
46 30 348
19 109 371
75 62 262
126 78 761
114 66 653
65 18 627
70 45 24
3 21 753
23 107 906
1 17 385
94 89 911
15 5 721
94 24 229
51 55 443
29 22 584
67 97 368
58 8 607
84 45 481
71 14 211
58 23 117
3 52 427
13 8 740
125 27 273
96 82 495
89 106 607
34 27 597
88 56 307
102 117 585
67 83 49
91 20 186
64 113 420
83 62 625
35 128 606
5 93 894
46 67 351
46 81 511
106 43 772
34 109 888
30 36 109
93 53 17
22 117 865
3 96 598
87 8 39
15 79 163
87 5 919
18 92 750
109 3 485
104 80 104
92 80 630
34 70 513
52 55 470
109 47 541
128 49 930
35 33 838
94 27 26
82 115 401
112 92 822
103 40 940
8 84 608
21 62 457
67 59 316
16 68 326
77 102 34
74 101 963
115 107 66
6 102 812
116 8 242
20 96 808
59 77 448
78 17 9
127 21 624
110 5 432
1 37 658
124 33 521
120 35 846
85 55 140
92 77 60
80 118 227
121 126 151
13 49 803
45 42 903
93 90 981
50 14 626
115 1 626
97 116 361
42 39 943
93 69 237
112 9 690
40 6 203
30 34 927
13 35 239
82 40 356
121 43 874
15 1 174
66 51 91
41 118 253
18 97 108
36 82 587
61 52 921
43 108 14
125 17 786
51 100 559
126 68 372
96 63 374
3 37 480
95 32 966
33 119 719
53 85 430
100 66 763
63 7 855
89 124 778
87 117 162
100 56 167
57 83 698
117 87 755
93 73 35
98 5 966
124 11 339
27 63 356
105 93 363
3 33 893
35 111 69
106 119 510
47 112 238
90 112 691
88 38 90
73 2 360
6 65 170
69 41 232
33 4 373
72 13 322
88 28 906
16 125 183
103 15 607
16 29 368
72 76 970
3 66 44
124 42 600
120 3 743
75 108 373
90 58 773
74 103 430
31 77 863
85 91 720
53 55 647
93 52 41
52 5 617
6 63 523
90 115 43
11 128 237
4 39 848
112 39 157
70 105 9
65 112 471
79 52 30
69 62 746
96 128 118
24 87 459
117 21 38
58 35 738
28 111 706
40 90 669
103 14 282
110 19 218
98 9 901
55 68 911
94 22 948
6 84 961
22 26 379
98 107 499
8 79 661
76 24 216
69 102 886
28 67 628
60 98 40
4 103 121
47 104 190
74 19 578
119 64 210
75 110 877
117 6 654
107 18 991
127 84 165
6 35 868
84 38 771
20 27 573
29 81 763
90 2 820
24 81 339
63 92 989
109 127 596
48 115 725
67 48 795
83 3 688
59 90 524
96 70 797
76 72 628
8 93 699
125 88 815
101 24 972
84 9 153
8 115 107
110 82 849
51 28 894
99 58 145
95 69 494
49 30 643
50 71 841
60 71 402
69 27 563
79 76 661
43 112 272
11 54 798
32 21 422
103 79 315
49 91 804
82 109 117
39 91 417
90 50 274
17 51 667
83 64 625
42 85 487
7 97 934
128 33 851
59 89 841
96 116 233
5 50 805
74 91 549
114 65 235
4 78 250
44 115 461
56 29 21
63 34 353
65 93 39
2 124 802
124 90 203
14 102 899
121 10 314
37 42 660
81 18 597
47 8 911
101 35 829
18 37 109
45 66 406
55 85 270
59 91 581
53 49 930
73 34 99
127 125 868
123 28 698
93 25 137
29 9 552
59 66 576
48 119 223
2 79 197
49 69 861
115 22 781
93 14 876
11 105 703
17 63 980
79 7 797
74 45 173
69 128 148
15 54 503
5 111 75
23 101 694
58 122 295
46 112 913
70 87 175
88 31 163
77 85 547
52 115 506
54 21 708
120 87 812
29 67 230
128 66 903
59 50 408
18 62 706
93 70 598
91 120 181
86 77 988
101 59 989
60 51 176
19 93 118
118 79 427
26 1 437
12 31 302
5 114 328
45 94 392
114 101 514
58 47 457
83 35 732
104 94 417
71 120 891
64 53 87
47 26 139
31 128 101
86 101 16
77 74 479
59 82 995
57 28 51
34 1 718
80 68 366
59 31 282
51 39 82
117 84 911
40 76 658
2 16 680
5 24 631
16 72 399
108 12 421
46 16 872
89 23 407
100 63 844
115 31 809
84 106 578
45 82 979
70 29 82
33 57 208
20 120 471
113 76 224
73 110 466
30 8 502
96 93 929
107 108 358
76 39 176
12 47 706
37 88 516
6 57 716
46 27 127
119 93 665
43 18 269
77 59 92
25 128 830
21 127 100
55 49 101
5 10 728
124 9 647
53 6 799
59 32 19
43 36 917
46 21 277
62 114 797
112 120 889
119 90 567
35 86 603
31 30 348
91 60 63
114 86 133
58 26 9
4 128 525
36 118 465
30 112 445
99 89 813
42 21 517
61 99 653
61 26 305
93 20 955
68 37 386
33 96 218
41 119 594
16 73 372
87 4 721
124 103 453
30 1 45
67 41 637
34 61 272
22 23 426
98 99 739
85 118 371
58 20 288
79 34 558
36 51 23
114 9 109
83 110 797
48 40 807
35 101 948
49 102 850
82 31 278
82 1 407
40 98 928
111 63 980
42 27 266
67 76 152
17 92 131
94 74 453
54 109 424
52 38 78
80 51 760
21 42 388
114 90 598
63 4 227
57 101 80
78 70 142
65 24 740
117 116 105
90 62 195
122 86 44
26 21 470
58 7 471
35 127 292
57 34 546
17 57 696
46 65 512
56 128 838
13 12 67
60 97 25
128 91 440
10 118 88
15 24 175
61 50 916
40 34 680
41 84 943
36 4 907
14 67 708
58 41 920
4 86 90
81 10 162
83 90 736
64 91 775
117 40 769
46 120 663
9 86 584
64 57 660
123 91 45
36 79 407
83 57 453
68 51 856
39 10 784
43 113 73
71 112 373
82 6 386
48 18 41
19 81 647
73 50 153
43 69 8
76 122 53
95 126 691
73 109 588
42 24 360
99 9 629
14 2 710
15 74 545
111 75 882
13 127 92
102 32 614
113 61 876
45 31 822
84 80 554
36 121 509
6 2 358
96 91 564
12 94 370
100 88 70
85 2 88
1 52 853
6 108 991
126 82 458
125 51 296
41 63 543
105 63 632
24 119 877
27 66 994
6 115 32
107 65 304
126 43 410
80 83 391
67 34 106
87 76 170
75 8 154
83 108 564
85 108 917
55 118 496
54 96 76
45 14 705
23 1 291
21 110 685
6 33 342
94 107 980
17 110 373
32 124 286
78 54 42
40 120 280
83 19 108
123 53 847
46 86 308
49 79 475
48 88 395
100 36 880
103 68 694
47 46 361
109 41 580
31 111 774
74 66 749
25 103 379
80 40 43
23 30 40
23 35 176
66 52 551
31 17 379
23 60 791
61 64 914
126 16 254
109 122 357
66 93 581
2 70 344
77 70 593
43 9 277
97 12 733
77 124 587
56 90 183
9 127 63
19 116 23
93 4 304
42 73 570
3 62 359
86 72 567
97 120 395
46 43 847
63 103 834
128 119 429
77 88 55
89 92 487
93 42 870
6 23 934
122 111 89
82 91 911
7 27 932
80 8 640
123 22 265
46 48 341
116 4 210
53 32 417
98 80 961
52 89 233
128 57 835
70 67 765
37 15 728
10 1 820
32 65 816
39 123 858
52 35 218
105 95 556
19 120 565
88 96 912
67 23 77
111 52 770
20 52 528
104 58 398
100 81 934
88 1 777
92 38 647
15 105 521
90 4 246
31 121 611
112 81 584
50 101 111
64 72 143
21 114 295
126 61 739
18 104 753
84 17 155
56 79 212
82 29 718
1 47 776
53 124 727
44 111 836
20 48 520
61 8 878
100 77 101
127 70 912
92 108 908
65 63 803
111 80 761
107 95 935
74 105 867
71 19 736
38 127 204
85 14 979
67 5 622
22 75 190
110 21 234
74 29 528
115 83 425
27 95 612
48 69 285
69 101 63
16 3 94
100 43 127
69 50 683
23 20 420
32 76 679
63 8 424
95 16 133
106 70 108
100 4 719
33 99 261
118 7 369
46 3 881
88 70 251
73 13 736
42 25 263
42 117 886
12 51 735
76 66 158
12 57 884
47 107 63
108 22 259
21 52 472
16 110 809
24 88 805
43 120 495
73 60 5
90 17 313
86 35 36
20 35 904
2 81 913
13 77 778
19 88 588
82 103 177
36 18 255
119 60 206
117 58 965
57 54 952
39 51 750
55 54 107
81 93 296
16 31 450
110 66 493
74 25 381
38 73 433
17 108 423
20 13 541
104 91 528
43 3 18
75 14 838
8 46 754
16 69 587
4 99 759
18 52 743
117 93 310
94 72 694
105 44 910
60 59 66
27 42 170
80 26 145
39 113 69
65 31 632
6 103 265
113 50 941
25 5 663
60 47 660
1 71 202
105 41 142
12 117 974
15 46 644
61 13 911
94 108 199
119 128 500
100 8 59
80 95 543
11 67 340
109 82 844
125 124 661
44 110 152
102 26 893
78 8 518
25 34 256
12 64 451
36 15 161
97 76 969
91 34 926
93 67 99
29 2 399
77 32 93
19 34 35
86 4 79
109 99 809
73 94 218
56 11 651
56 32 181
116 85 424
6 52 791
33 45 191
49 75 108
72 126 632
89 125 22
71 104 820
99 13 997
55 15 158
120 45 575
115 111 663
57 105 784
5 47 588
3 57 577
82 21 729
105 16 356
30 122 172
102 115 386
36 48 466
70 88 802
24 29 885
121 26 584
32 61 774
32 80 887
37 23 668
15 57 343
48 76 149
113 9 682
17 87 898
38 63 702
51 101 743
56 80 402
113 7 75
110 30 649
55 99 812
20 6 686
37 89 748
89 55 760
10 3 501
88 119 83
97 94 660
64 120 503
64 79 56
38 60 837
72 77 630
87 116 425
27 74 840
121 6 682
48 95 178
96 42 767
69 90 972
34 22 234
13 34 212
99 43 442
27 113 564
117 90 171
122 33 429
94 17 999
128 103 292
118 98 304
59 113 431
68 121 795
50 43 614
66 15 672
118 94 840
96 74 527
50 91 849
15 110 772
107 13 181
108 107 574
45 43 369
100 25 507
24 127 56
21 99 619
78 114 69
17 22 660
100 19 549
111 89 292
55 53 791
18 28 480
102 27 534
73 47 355
107 77 864
49 103 372
124 87 80
120 13 37
91 67 533
31 60 764
94 114 890
94 97 320
29 113 451
79 15 589
57 40 595
122 92 475
107 74 420
25 30 353
35 7 974
100 72 492
113 30 245
15 64 438
124 116 387
54 116 61
88 42 765
4 48 784
110 94 586
121 76 708
32 7 771
88 19 535
49 41 649
61 24 284
112 109 968
106 72 97
86 44 552
103 81 530
39 88 703
42 8 965
85 16 429
34 8 837
95 2 631
65 46 390
76 94 654
29 105 626
17 117 892
74 120 890
2 73 271
96 127 318
89 99 688
67 124 678
19 118 573
65 73 458
111 59 555
49 26 833
28 22 122
95 40 341
3 127 341
119 47 742
119 72 205
12 23 630
30 5 280
87 46 863
117 27 548
26 103 186
44 21 263
14 37 224
125 89 905
3 82 558
79 62 185
99 51 220
57 111 808
24 19 457
90 124 708
36 30 405
100 97 20
72 86 18
44 98 172
102 104 261
63 111 494
25 27 468
94 31 692
32 110 548
31 115 38
125 121 788
60 120 764
80 104 252
111 66 923
97 100 104
18 93 651
97 82 663
113 105 327
116 110 194
102 6 945
113 77 845
16 119 783
62 125 938
5 89 856
31 38 200
37 43 547
38 112 551
120 110 809
31 3 899
45 17 946
3 107 625
33 114 417
92 112 183
11 53 223
115 97 123
10 71 872
54 25 737
28 60 818
96 115 777
89 121 496
111 10 21
103 28 940
35 38 522
35 13 31
121 117 78
91 43 388
85 75 272
102 124 269
52 85 615
109 73 696
103 8 13
36 57 698
77 113 240
107 10 942
6 79 620
41 99 313
15 22 668
15 66 408
17 127 475
76 41 48
42 63 501
43 81 120
25 91 416
62 11 256
75 41 511
108 28 519
100 90 744
27 89 690
31 53 41
104 29 702
13 61 707
86 1 712
116 107 677
14 31 104
14 86 280
7 32 120
47 17 577
73 59 282
118 36 170
120 27 934
52 93 579
7 37 105
41 29 431
81 1 479
59 94 445
126 44 853
108 127 65
9 76 243
18 118 482
39 90 839
28 91 452
3 103 476
4 92 77
126 106 999
65 88 488
121 27 81
16 42 595
77 5 878
81 50 945
47 4 922
33 50 145
117 68 660
78 115 594
78 123 76
4 31 641
17 72 89
42 31 91
2 125 647
44 112 278
1 29 532
40 36 466
22 8 170
95 62 786
83 24 97
67 117 432
71 7 902
118 49 623
52 46 248
66 89 557
48 84 894
84 96 675
62 33 802
16 21 954
88 107 930
12 100 352
128 110 221
39 4 6
21 39 217
10 20 724
94 60 862
53 45 487
7 90 4
56 37 791
45 120 814
15 42 379
16 54 921
45 51 576
36 28 160
37 123 328
10 64 170
51 88 280
65 128 831
73 19 382
117 76 675
23 25 829
117 80 186
86 56 708
20 91 270
26 110 522
52 112 128
65 64 707
30 29 672
111 22 631
23 106 679
81 83 906
15 11 712
128 124 121
72 95 788
81 126 421
2 61 818
116 35 299
89 3 516
95 118 527
3 77 140
126 80 376
55 72 398
55 48 206
21 31 333
18 69 944
80 14 897
15 72 488
113 79 686
69 55 707
115 110 19
104 127 220
127 83 719
7 85 303
109 85 567
79 73 266
71 2 739
93 35 65
16 44 514
115 87 578
63 91 2
17 90 681
88 51 828
33 2 267
41 87 645
115 85 70
120 105 193
98 48 207
103 106 694
52 19 915
38 103 403
52 91 913
114 107 23
30 26 994
83 16 175
124 3 289
120 30 225
127 124 87
9 89 7
35 55 169
70 80 979
33 55 695
94 69 606
24 75 338
45 50 754
19 4 835
87 44 422
123 79 153
31 57 241
121 106 7
120 98 557
59 106 308
123 14 769
70 61 786
27 120 525
39 36 93
109 28 466
67 20 956
24 34 562
57 112 153
18 115 550
114 4 970
78 42 901
72 103 952
122 40 867
59 49 369
63 14 738
16 77 577
89 48 101
80 22 955
10 67 937
2 44 106
83 48 966
116 125 717
78 4 326
18 16 327
76 126 783
119 112 525
45 68 228
33 34 160
88 44 130
108 29 369
51 35 12
86 41 477
21 72 506
14 98 573
37 4 40
126 25 818
94 9 702
93 40 352
55 13 447
15 100 162
45 84 622
120 113 99
69 104 360
28 62 245
104 108 60
71 20 309
11 19 819
122 10 359
78 37 840
112 12 946
98 72 359
92 61 709
117 4 989
9 25 177
65 30 367
121 56 810
115 29 772
58 17 375
7 28 406
108 70 69
27 102 950
24 118 365
31 94 527
20 92 974
15 99 390
63 28 812
41 44 675
70 13 989
26 96 597
18 80 671
74 51 551
76 23 550
82 106 696
49 5 994
77 30 898
88 30 250
100 40 352
116 99 402
13 123 652
62 112 263
18 44 404
113 27 393
109 97 654
16 65 474
72 17 298
18 20 289
117 36 575
84 27 444
90 39 265
120 109 123
46 73 774
96 73 385
103 114 291
37 27 843
115 66 265
40 50 237
126 28 653
43 75 747
14 65 715
14 51 758
58 21 716
64 107 152
107 4 986
45 126 943
8 25 929
58 76 25
10 89 964
35 61 635
108 98 943
128 3 407
89 62 684
41 90 423
117 28 221
72 3 519
88 98 600
94 110 274
14 126 338
74 68 814
27 121 970
21 7 991
65 115 536
14 82 868
55 95 350
82 47 570
95 84 942
120 5 853
33 127 328
109 79 776
24 92 333
61 25 986
29 104 951
10 61 882
118 9 520
40 99 374
37 19 114
84 127 503
36 111 435
100 5 800
90 25 408
86 124 719
107 105 130
111 82 314
94 112 857
121 36 98
128 108 950
94 127 538
114 35 562
32 68 734
124 38 528
21 87 911
77 3 274
72 116 892
43 62 306
6 10 600
44 64 371
6 27 290
113 85 106
127 26 811
1 84 414
82 77 56
48 90 204
83 67 282
33 7 760
49 101 801
109 119 400
121 122 964
61 83 434
91 101 822
126 89 213
6 95 388
5 19 593
33 84 426
62 82 266
82 114 660
76 32 719
51 37 74
103 126 263
105 69 725
37 32 549
17 89 437
59 101 281
127 112 341
58 56 573
21 27 729
91 124 18
121 46 950
50 94 984
33 49 594
66 45 262
16 115 445
51 8 790
18 91 90
50 52 428
9 19 221
89 13 130
83 58 358
31 101 116
66 68 84
101 54 660
56 108 199
12 124 434
33 12 589
24 82 51
8 101 874
104 77 79
63 118 777
20 8 981
10 8 573
75 92 267
73 78 321
39 37 514
47 58 623
59 54 697
53 101 840
105 50 860
39 120 538
102 63 299
90 104 321
4 68 780
2 45 2
4 25 437
73 40 419
38 45 975
97 64 560
114 80 360
11 3 613
60 122 100
45 107 20
124 45 838
63 116 41
77 53 430
90 37 217
36 7 747
102 67 590
74 119 384
100 65 808
3 99 225
78 2 989
13 96 97
114 110 9
100 1 907
120 17 731
17 95 471
33 32 85
45 85 338
50 88 24
50 77 723
42 77 581
22 55 873
6 73 92
88 61 17
98 1 706
68 113 841
110 55 869
9 87 321
25 46 457
77 83 24
48 89 585
128 98 258
50 47 690
84 112 427
25 62 732
126 45 82
51 93 466
70 1 417
124 51 509
13 5 971
65 116 252
20 77 81
77 71 839
60 84 136
52 28 801
114 116 204
115 35 87
31 43 190
118 40 38
89 50 138
104 16 859
78 128 790
94 81 659
90 69 685
55 110 8
64 100 909
116 15 882
50 117 488
28 31 403
62 67 928
72 43 444
52 20 361
56 22 682
19 80 864
83 77 819
96 122 605
63 97 537
110 106 818
53 46 571
20 76 615
106 17 898
46 11 277
37 71 462
72 11 464
71 48 357
19 53 37
94 123 818
107 113 941
117 67 573
73 93 754
106 20 685
14 97 255
41 50 363
127 107 888
7 65 993
10 82 853
73 75 197
7 83 896
11 108 397
105 30 144
31 18 670
74 78 970
96 15 935
6 69 131
6 77 318
44 86 707
108 106 519
97 38 269
62 80 49
70 74 619
109 5 218
88 67 706
8 112 167
113 48 813
54 88 692
11 97 267
101 71 913
116 120 783
17 86 988
99 33 360
22 35 777
40 65 627
120 73 634
64 97 695
13 57 1
82 45 234
110 13 254
112 80 977
100 57 480
103 20 45
123 16 693
124 48 809
45 59 167
47 55 75
95 122 648
58 86 796
109 101 656
110 26 300
84 88 692
82 80 306
30 80 326
124 69 987
89 52 618
106 34 653
66 20 718
105 19 220
58 25 730
12 14 969
8 72 972
43 109 538
22 82 877
67 47 611
123 29 360
92 14 709
35 56 724
1 105 92
35 64 566
18 34 407
111 119 728
43 56 242
97 55 747
103 2 7
88 11 868
52 34 722
124 125 455
107 53 233
7 48 22
50 84 522
11 124 912
47 86 141
35 22 820
13 122 613
56 65 817
92 120 66
52 3 430
25 116 664
28 9 624
67 3 286
97 69 830
12 15 456
11 84 1
115 121 942
119 66 205
121 38 688
74 54 948
54 114 720
100 94 548
1 56 785
5 104 383
48 55 367
104 118 251
92 101 856
75 3 143
34 104 441
14 110 623
114 14 868
127 96 781
82 20 664
34 83 823
82 92 176
126 47 690
105 35 757
127 5 813
29 42 899
40 39 367
127 85 103
109 98 741
24 117 943
22 10 61
81 39 695
53 63 869
40 12 665
79 94 537
6 15 369
128 14 639
38 96 903
54 33 393
34 91 978
57 90 332
83 59 180
98 65 327
65 1 7
100 6 217
68 10 901
92 122 347
27 125 721
92 127 667
9 80 337
40 104 964
86 6 454
84 58 775
65 29 421
7 22 902
34 45 780
75 123 685
19 58 79
97 77 977
126 65 971
24 18 490
20 22 690
99 93 508
114 121 278
126 4 635
65 53 140
68 72 763
72 69 4
9 70 156
65 54 558
83 34 985
7 49 14
126 127 76
54 16 908
74 1 636
110 7 474
19 79 267
66 44 319
12 105 772
120 112 633
13 7 343
44 93 867
79 113 838
125 90 153
114 94 2
50 55 93
92 94 858
5 126 40
44 51 749
106 39 136
66 82 12
98 15 827
24 126 212
15 12 174
97 91 420
89 104 115
8 33 683
66 72 692
41 16 362
94 57 519
40 82 925
50 70 748
42 91 45
108 48 204
29 60 514
95 59 155
11 24 555
17 11 744
55 51 245
32 29 718
26 25 435
21 53 416
15 60 130
120 64 25
31 109 329
104 103 976
122 44 384
18 30 934
6 12 545
84 82 918
8 104 251
95 12 34
38 88 182
13 47 426
25 58 750
108 26 693
107 51 906
27 15 645
13 22 638
29 28 358
11 48 925
43 99 552
103 27 203
124 61 500
63 94 327
17 96 809
4 107 492
49 58 472
45 54 278
49 59 79
24 42 311
69 48 89
41 49 966
128 45 772
85 77 671
44 57 189
17 98 900
49 90 375
122 57 395
1 115 332
46 8 972
115 2 998
93 74 70
53 78 957
67 123 482
23 26 19
19 102 2
106 2 206
113 10 868
127 40 921
122 25 560
118 55 658
51 33 521
52 50 70
99 22 664
50 107 238
101 16 579
88 73 201
60 77 850
91 70 773
14 58 320
81 113 749
52 102 560
13 6 476
48 61 480
38 43 723
75 27 471
19 85 19
93 87 530
106 67 302
111 74 31
3 97 377
118 19 339
26 12 180
58 113 473
37 94 699
96 18 897
9 27 972
34 64 5
96 17 381
72 71 133
14 88 226
67 31 145
99 117 974
76 34 465
52 26 611
123 78 540
87 75 825
72 66 675
43 6 55
7 70 495
75 76 521
34 120 60
108 97 969
42 38 366
37 85 320
23 86 84
50 22 344
52 96 31
26 40 809
1 92 533
49 20 773
128 58 729
84 85 549
17 38 15
22 17 797
19 10 36
46 126 642
91 59 707
128 109 990
55 12 372
67 68 171
41 79 718
23 39 327
63 110 848
126 72 490
118 59 263
123 95 793
102 42 884
85 46 103
102 120 877
114 15 136
42 127 797
116 10 463
98 2 355
13 107 586
106 92 728
38 22 718
48 71 849
63 57 676
127 97 92
57 7 223
50 34 367
83 104 343
57 50 585
90 31 592
52 30 199
94 63 442
96 24 117
51 23 550
1 8 350
38 26 160
69 81 838
94 103 318
108 117 622
45 48 168
3 18 236
78 40 649
41 7 41
48 73 215
9 53 824
82 23 565
54 92 248
116 42 897
126 18 903
70 37 149
82 94 255
118 114 159
26 72 14
61 77 894
101 120 108
118 81 266
71 30 772
119 57 256
55 67 672
83 56 600
7 110 492
89 39 334
47 126 248
11 1 648
19 112 963
51 9 118
41 12 396
114 33 969
11 35 188
31 58 795
31 79 464
119 126 655
91 50 563
48 106 671
41 126 577
16 14 951
40 73 827
108 65 612
81 73 742
60 78 742
59 48 335
29 64 191
85 95 16
117 109 798
20 112 916
50 96 541
30 89 682
40 3 198
102 89 943
13 73 48
79 101 92
2 54 339
52 68 271
34 77 745
10 122 930
81 37 26
18 79 747
40 121 458
84 59 696
44 35 693
81 102 773
40 22 453
33 120 435
66 117 388
113 46 315
56 21 451
12 86 322
24 12 154
52 59 318
33 88 299
6 16 925
107 1 415
32 56 714
55 17 181
79 108 556
119 27 70
66 125 268
27 105 51
104 46 610
60 102 366
58 90 230
53 9 56
114 96 995
24 40 591
4 43 621
59 117 513
53 23 143
127 37 619
33 83 479
70 15 280
87 9 269
94 30 60
28 58 739
73 42 29
120 77 73
109 40 706
3 95 9
38 66 125
114 85 518
43 115 449
11 117 3
104 24 701
56 53 502
25 104 860
43 17 309
4 45 62
21 125 902
98 43 229
79 26 595
42 83 190
111 20 251
46 68 32
8 42 880
120 57 798
6 7 16
33 11 820
111 5 142
86 74 15
18 78 327
82 11 597
30 74 236
7 52 739
117 17 67
90 6 375
7 51 357
36 108 886
76 121 602
26 22 202
37 63 994
17 65 927
64 24 181
15 121 110
97 90 14
95 67 638
24 45 724
3 67 698
91 21 861
15 83 298
10 26 877
74 36 211
86 69 663
79 16 662
86 23 237
76 75 665
28 112 787
21 46 6
52 60 486
16 97 192
113 26 958
117 48 950
56 19 878
78 76 468
110 52 887
123 85 952
28 8 491
108 74 926
19 9 94
91 126 961
14 22 553
84 12 705
69 33 731
112 108 960
113 21 147
74 94 359
102 71 86
15 69 205
19 48 752
98 86 947
4 11 998
52 107 588
50 4 447
30 68 86
75 46 932
65 105 605
116 50 786
74 46 116
55 11 677
41 31 420
42 50 91
93 62 648
2 122 47
89 123 933
110 69 871
52 33 963
73 7 132
4 119 211
100 117 516
61 56 933
33 37 598
20 111 435
123 35 608
87 106 639
62 97 41
57 15 909
32 39 896
29 112 815
22 112 562
51 58 7
119 55 840
101 34 751
2 117 977
69 127 10
5 16 603
2 30 140
106 40 476
98 101 84
118 39 401
119 59 982
53 34 891
68 45 436
84 62 771
17 119 345
86 83 172
42 16 681
33 128 733
72 61 538
96 71 32
16 34 372
118 61 493
106 38 871
124 95 926
119 116 587
116 1 367
43 83 70
60 110 896
71 28 595
105 5 853
42 4 201
41 97 548
27 96 360
110 73 832
22 42 20
51 7 335
49 119 715
18 112 358
40 62 444
66 7 984
69 61 174
113 49 435
112 47 476
105 86 410
18 11 40
17 58 426
12 25 314
48 121 569
15 21 280
62 115 817
76 55 874
99 55 176
120 40 535
22 115 315
35 58 74
33 117 11
100 122 839
36 25 226
23 2 960
44 41 222
73 91 960
119 85 75
101 73 300
31 126 781
88 84 974
100 67 366
112 84 516
74 111 19
113 58 891
61 76 743
112 89 144
14 9 95
109 88 401
128 93 46
20 42 643
68 104 179
97 110 140
88 104 640
40 96 786
105 52 717
115 108 760
53 79 671
56 77 510
26 27 604
101 23 732
31 16 688
98 90 775
35 100 235
124 81 54
21 16 827
30 71 147
67 95 677
127 36 916
125 82 701
110 100 261
53 91 448
7 60 497
9 49 347
5 34 86
8 120 545
123 3 628
3 43 940
33 106 595
50 97 350
4 108 628
124 5 576
116 34 200
86 102 300
62 56 105
53 73 667
73 15 438
62 123 954
98 87 26
30 62 910
76 74 910
42 55 66
34 128 710
125 2 276
111 93 633
110 63 145
12 7 32
98 84 657
92 41 707
109 64 412
81 88 764
32 91 231
97 37 388
127 77 532
64 88 200
82 12 361
115 11 937
111 60 709
62 21 602
120 79 230
21 58 282
47 48 521
79 32 58
52 58 494
77 91 483
15 6 500
70 27 894
115 33 106
96 52 980
65 13 495
112 82 703
22 109 553
127 101 472
125 117 374
113 38 503
101 31 586
32 128 124
116 56 660
82 57 823
100 95 791
116 94 534
97 81 284
111 57 995
23 46 209
67 69 835
55 56 288
67 91 20
44 65 965
83 111 952
96 87 939
103 74 672
71 24 858
67 110 751
113 23 308
73 126 401
6 91 452
86 15 747
39 23 292
107 44 674
107 3 237
4 24 266
14 13 211
47 32 122
107 94 299
8 22 748
61 85 324
82 9 47
7 66 928
55 60 31
104 27 478
101 109 870
48 24 499
81 87 540
39 40 991
120 34 921
113 1 896
48 4 119
32 94 787
84 19 768
35 41 979
104 120 397
47 52 174
3 98 597
32 87 78
89 36 69
58 80 314
25 87 999
39 85 645
82 3 863
80 21 22
46 58 983
15 62 763
64 48 661
75 21 466
38 72 807
95 124 623
8 15 303
96 34 966
90 63 922
116 124 98
58 88 721
90 127 429
52 79 751
88 99 61
79 12 18
61 35 168
55 52 371
53 104 474
51 69 667
79 128 467
59 119 459
81 68 946
42 19 346
30 10 458
64 65 280
118 69 267
64 2 55
11 36 278
67 38 397
107 69 258
87 32 185
42 13 873
112 17 900
118 34 309
6 22 761
127 117 907
1 81 246
48 87 692
42 36 509
18 96 972
62 54 833
44 7 436
64 119 946
126 90 593
61 30 785
115 40 733
101 95 754
11 44 345
15 53 719
122 69 685
20 68 104
83 100 867
9 11 927
103 11 385
74 95 335
122 83 258
68 100 36
100 74 89
49 81 434
60 118 351
8 20 364
94 6 481
23 74 649
126 75 519
77 79 847
101 118 791
99 50 225
46 108 162
89 27 224
109 95 456
79 24 386
71 111 33
35 45 66
115 67 64
92 51 58
98 109 433
72 120 704
79 20 382
46 40 401
112 53 826
64 109 587
64 106 317
68 109 746
99 115 836
28 103 211
83 113 680
72 25 634
110 125 365
37 72 967
77 128 213
71 70 160
98 73 646
35 16 205
24 48 611
76 104 743
101 72 19
41 28 454
53 31 766
27 17 620
93 83 301
73 32 821
74 33 765
102 47 446
99 37 571
15 113 38
22 107 982
82 26 101
20 31 857
122 107 517
42 89 595
28 86 171
107 66 829
91 114 321
59 7 812
83 14 307
27 62 844
70 44 324
53 83 288
20 94 530
128 112 624
8 30 33
35 70 471
36 102 277
52 67 652
123 121 340
105 55 803
101 8 498
114 117 641
95 9 836
101 3 179
37 117 518
127 56 161
53 115 540
96 58 25
115 126 312
95 71 816
32 120 305
83 70 779
66 120 8
49 57 857
21 33 861
52 25 316
114 120 201
119 39 517
39 106 22
41 96 408
71 107 34
55 73 873
112 72 947
107 128 794
107 14 812
85 11 355
84 74 407
104 97 837
104 11 653
71 31 780
52 114 723
26 112 557
13 118 600
7 117 817
8 51 712
21 70 984
7 36 161
47 6 458
13 99 951
12 8 905
45 124 320
30 37 380
78 31 207
70 91 316
5 12 435
45 79 801
41 47 767
13 81 209
62 59 313
68 42 81
35 115 383
43 33 633
23 84 470
113 116 352
68 9 499
35 36 153
43 122 995
71 98 839
107 72 890
79 110 904
80 41 569
29 108 769
60 44 341
41 125 758
84 4 42
17 105 444
8 70 640
41 103 732
74 118 467
41 9 685
90 46 362
90 86 682
127 62 321
36 6 301
80 117 939
71 4 506
57 116 550
59 118 863
2 112 360
68 4 805
84 50 92
51 61 508
38 19 915
9 62 733
85 36 211
65 7 585
56 111 617
121 21 110
87 53 863
81 112 384
78 14 525
70 33 7
107 23 242
110 15 898
97 47 882
62 24 492
53 10 192
64 83 134
25 7 855
33 111 635
111 17 656
4 111 522
22 25 679
48 75 688
17 33 104
34 20 565
11 89 838
117 13 946
74 57 525
82 59 873
121 79 887
112 87 460
90 71 127
104 52 871
96 78 694
94 3 821
37 99 827
98 12 988
22 108 429
19 74 816
123 77 447
91 119 705
52 6 958
85 45 297
111 64 929
34 95 531
1 12 142
63 109 490
30 11 683
107 37 187
70 9 850
122 2 931
33 29 306
47 5 958
32 113 49
28 24 471
105 123 692
44 24 784
21 82 631
31 114 295
49 118 361
63 43 138
37 78 558
2 109 124
40 91 521
51 127 785
47 96 543
30 19 44
76 80 496
12 92 550
24 90 982
95 86 513
93 122 822
36 45 582
79 21 318
69 120 508
37 68 755
34 79 478
46 34 169
35 108 598
3 115 820
36 76 999
101 36 581
69 4 287
46 90 250
61 6 750
67 109 54
58 4 273
25 89 117
17 27 810
20 107 134
11 90 905
107 29 401
84 48 859
37 31 941
123 75 100
96 33 155
37 41 257
126 13 111
42 34 822
48 114 635
23 90 579
128 34 918
73 22 674
91 115 980
101 100 48
21 122 56
4 75 208
27 104 864
93 38 257
56 109 970
21 12 728
28 64 305
26 84 606
124 85 408
102 18 702
12 2 781
91 90 556
125 116 326
80 76 360
15 76 567
30 98 624
22 30 133
112 49 973
43 21 958
103 66 274
43 118 879
9 4 715
18 50 819
18 123 612
93 85 622
57 64 292
57 23 342
55 78 156
69 123 628
52 61 422
44 14 192
67 2 934
54 62 183
63 122 797
125 37 930
124 110 605
113 22 733
26 41 319
2 39 699
65 6 632
45 76 566
50 67 846
67 12 518
97 59 440
53 81 648
11 93 540
93 105 416
17 23 946
42 69 955
46 64 367
92 24 235
35 87 602
105 12 419
92 47 907
119 76 351
35 21 161
117 35 641
63 16 558
83 38 184
93 109 94
128 115 844
2 110 795
90 88 114
126 41 264
76 93 227
26 51 641
7 8 375
52 95 503
50 41 613
76 92 678
36 97 609
3 85 188
107 55 865
125 48 557
7 112 293
63 93 615
82 22 577
11 73 231
124 122 129
127 10 933
91 44 113
14 15 299
68 123 551
125 94 912
75 26 720
7 20 178
119 82 37
123 39 636
48 60 791
95 6 55
8 87 384
109 2 877
101 58 594
44 75 615
122 6 406
87 35 593
80 54 284
57 121 818
58 120 790
53 87 437
63 24 955
29 10 931
121 81 716
59 68 377
124 106 749
90 120 445
83 25 762
19 65 207
121 96 446
62 14 171
78 98 349
17 45 385
70 34 53
92 74 532
64 104 218
4 9 136
53 69 208
40 35 395
54 69 671
128 43 253
95 30 664
66 23 839
6 48 228
71 93 24
92 36 452
17 99 52
53 51 474
15 91 158
1 11 463
101 116 311
126 31 613
55 62 347
47 92 251
35 124 596
117 88 839
48 52 99
63 96 476
126 124 52
68 83 607
1 116 529
84 72 465
53 21 79
54 128 451
110 24 831
113 75 869
111 11 860
115 100 380
50 111 88
27 109 448
74 128 895
109 42 953
51 95 187
88 9 935
4 63 109
92 114 286
68 94 720
50 29 963
116 13 156
50 78 180
40 97 725
32 111 367
61 2 543
98 120 752
101 102 192
53 29 566
43 96 75
28 61 755
77 63 163
108 113 905
107 36 418
64 5 753
31 68 780
59 93 65
14 92 441
34 66 398
21 64 940
115 102 783
24 67 9
113 25 625
72 96 776
103 31 986
114 27 945
48 59 290
98 76 228
68 126 707
91 31 74
54 123 500
50 61 11
44 39 230
48 125 918
89 4 787
112 83 425
97 121 486
42 67 633
1 126 587
11 111 970
50 40 824
53 19 73
84 53 868
72 41 336
7 118 9
6 53 824
110 113 477
104 32 646
74 87 549
66 76 491
47 119 806
80 57 603
81 72 63
77 67 319
12 82 453
17 115 68
66 108 993
35 98 521
21 74 845
84 89 998
92 5 184
46 79 336
75 43 606
52 125 623
23 13 170
73 43 827
52 15 524
118 5 831
25 108 753
69 126 553
26 16 410
23 10 536
15 52 310
36 9 354
6 123 246
97 62 399
5 6 84
96 20 552
46 99 863
124 53 793
107 21 189
53 17 453
123 68 589
64 111 382
70 118 233
123 100 875
47 63 210
20 106 426
71 9 975
48 128 717
109 78 201
62 50 219
41 42 144
2 47 531
119 98 699
97 43 271
26 59 888
57 22 107
104 70 495
12 33 701
56 126 485
29 98 628
47 93 297
30 35 176
88 12 114
89 65 918
118 24 530
77 60 283
44 48 946
8 23 366
109 27 475
79 126 133
25 49 589
68 97 424
46 111 183
1 28 310
85 83 244
99 35 274
117 62 312
86 46 766
82 61 161
101 68 183
58 48 638
45 106 675
38 8 554
98 81 691
74 89 421
105 110 301
54 77 405
49 111 360
91 2 46
91 10 382
127 67 826
40 86 714
78 83 648
105 127 158
64 1 823
105 60 271
54 94 273
17 31 465
46 69 577
119 31 842
96 117 721
86 123 670
45 32 25
57 46 543
31 59 344
41 13 302
58 24 115
42 82 430
26 68 963
98 18 830
49 98 591
5 29 705
109 4 909
114 8 701
14 105 738
17 83 585
61 59 803
108 4 369
8 78 174
28 45 634
103 17 523
86 57 666
108 15 648
92 66 351
88 59 281
47 36 349
98 94 644
78 11 220
58 104 359
59 70 783
92 125 146
102 80 53
33 35 649
122 13 405
50 69 654
16 27 550
58 28 474
46 15 673
44 77 975
121 100 331
13 108 338
105 38 116
63 59 803
77 1 417
103 93 771
48 47 240
40 33 877
11 8 415
2 22 381
55 112 616
34 47 202
10 70 262
122 79 186
55 89 465
11 60 742
110 9 799
102 73 327
42 97 911
33 20 571
93 112 514
43 116 373
59 24 705
73 26 378
10 49 444
35 65 172
101 128 293
82 62 392
61 121 100
6 44 644
70 119 689
56 86 483
105 75 443
15 96 222
112 77 769
69 39 889
60 127 785
58 100 864
87 124 981
9 106 344
68 46 65
32 58 672
19 63 281
23 41 268
23 116 655
33 43 351
127 91 785
50 93 259
25 33 523
62 55 339
29 110 369
108 31 854
36 88 559
109 63 864
2 13 482
62 83 657
9 88 126
13 106 900
3 51 711
27 86 202
53 77 673
4 109 864
23 55 650
113 12 80
47 82 223
105 11 358
100 111 589
43 101 98
72 10 97
70 103 130
100 60 173
36 60 352
64 7 314
48 85 778
69 113 418
125 24 375
111 122 232
106 41 492
90 35 927
84 10 340
70 59 148
34 29 987
69 15 529
2 91 116
8 95 292
114 28 305
79 25 382
92 18 676
125 56 707
44 116 989
122 53 316
97 4 425
117 9 827
89 6 408
26 55 430
98 21 902
112 5 888
109 16 230
3 61 350
46 124 916
44 55 41
23 115 952
64 70 627
15 118 439
53 14 622
44 10 965
33 81 301
81 118 172
121 18 870
68 43 705
51 111 61
115 95 27
100 7 67
96 103 179
38 120 53
39 29 192
7 64 446
78 24 234
48 6 59
115 37 473
21 80 244
88 127 583
26 94 333
57 67 461
72 74 389
88 29 282
104 21 386
39 57 475
89 59 633
99 85 632
41 102 388
52 92 300
53 68 915
102 31 39
14 16 504
34 2 602
31 37 27
77 82 411
91 8 415
54 2 256
90 38 675
6 68 18
27 20 839
122 99 494
47 83 251
14 57 411
97 24 437
33 78 449
61 10 487
26 28 116
35 59 825
103 62 594
57 9 370
110 67 754
92 93 941
63 69 146
110 79 331
6 41 586
118 95 942
103 22 9
102 119 175
52 24 72
90 70 39
110 104 704
103 26 176
114 34 966
60 56 837
118 37 491
2 5 122
97 16 422
123 80 818
46 31 206
9 55 826
59 4 390
3 22 104
106 79 315
41 27 855
85 49 462
122 112 734
82 55 622
33 58 680
71 113 135
60 100 603
112 28 199
118 14 620
12 6 994
86 108 934
62 44 215
109 57 207
18 113 492
4 112 896
9 100 383
76 83 370
78 36 89
58 117 993
101 25 170
117 77 234
103 42 835
21 49 170
1 38 965
44 18 412
125 67 984
31 28 674
68 60 494
101 6 96
37 56 267
93 98 569
63 126 9
40 26 382
112 105 800
125 119 514
114 112 645
56 8 712
62 10 976
7 40 748
117 96 8
66 121 558
76 105 54
117 106 329
116 11 7
62 93 480
17 107 613
102 36 684
109 81 120
122 89 308
69 125 879
51 67 434
20 46 825
75 120 793
99 77 144
30 38 847
75 82 843
9 33 880
16 94 459
110 25 380
19 18 814
115 20 326
107 85 451
49 54 218
15 67 561
84 33 931
16 51 943
68 15 272
127 34 526
23 9 438
46 44 914
110 116 163
56 48 719
118 68 675
35 19 155
60 95 92
87 112 647
100 42 371
77 92 688
104 83 746
62 34 516
120 19 344
69 86 169
23 3 173
43 102 735
40 38 740
35 81 318
28 65 250
67 43 458
31 65 601
33 71 912
97 105 587
101 50 837
25 14 264
5 105 393
90 106 282
10 16 192
67 85 6
57 15 609
107 120 859
65 74 328
71 69 634
85 24 92
79 66 986
84 119 548
24 123 199
38 127 370
65 72 924
103 38 652
46 32 60
5 125 719
11 81 748
49 7 705
69 77 324
22 79 530
78 115 664
70 78 519
56 59 219
12 94 304
71 78 735
64 46 219
59 128 484
126 60 822
79 17 241
94 100 374
66 80 385
124 110 554
76 121 916
128 58 484
70 89 780
33 31 918
89 24 73
61 29 631
73 45 227
94 64 821
47 12 223
94 86 588
67 119 116
18 72 689
34 107 256
109 38 461
120 90 822
1 25 998
34 5 699
94 73 730
51 47 551
114 112 742
62 57 150
81 9 588
24 105 355
26 73 583
56 6 423
108 89 664
111 48 229
110 28 333
97 80 65
4 20 232
7 86 499
70 117 854
116 83 699
37 40 336
54 119 53
126 4 599
70 14 424
46 10 51
44 108 506
85 32 541
75 22 272
24 11 756
35 93 282
62 91 453
9 79 704
34 16 544
78 1 669
29 116 719
104 16 582
12 22 898
23 35 834
32 18 937
43 85 855
54 65 879
23 54 391
27 96 8
7 119 769
45 100 426
