1
64 67 190 29 42
40 26 680
27 52 83
21 9 266
7 56 347
24 26 130
28 31 775
23 52 963
42 41 204
2 62 728
20 48 338
48 28 436
58 4 405
9 10 574
8 60 860
10 5 736
34 13 903
5 54 371
54 47 760
21 19 795
4 43 675
43 5 764
9 16 999
4 26 606
9 49 840
5 37 787
62 10 498
29 14 819
13 50 302
52 58 499
34 47 769
50 10 85
64 46 739
49 50 924
61 8 62
21 56 470
39 46 692
1 18 501
19 6 746
26 50 115
30 52 728
20 7 651
46 11 635
52 46 379
17 29 412
43 4 269
46 16 1
13 8 436
12 2 295
34 42 244
61 63 477
5 10 8
34 56 392
32 11 699
8 24 196
60 12 902
43 16 159
63 42 661
18 1 728
24 3 773
5 43 583
50 39 32
52 30 525
15 60 792
10 55 123
29 1 294
18 20 702
28 6 291
18 60 948
44 18 191
2 21 520
5 57 8
60 45 151
45 7 379
42 46 607
37 56 741
59 3 688
51 7 258
57 14 223
17 60 857
17 9 158
20 28 622
28 40 819
2 63 468
4 39 618
35 41 509
32 46 855
22 40 962
15 40 991
2 29 230
48 54 445
1 16 722
3 34 869
14 43 454
2 35 880
24 16 166
5 6 376
23 33 442
63 49 365
32 31 502
43 45 572
6 11 931
51 2 428
25 30 635
61 54 561
49 43 650
7 46 549
14 8 894
53 8 666
54 22 648
34 63 440
42 57 166
26 12 275
10 8 761
52 60 89
30 47 988
44 46 429
35 15 24
19 41 919
15 31 825
11 20 221
33 53 859
33 28 673
58 36 957
23 16 110
64 40 306
36 5 891
56 24 202
55 37 6
25 37 730
29 37 383
17 33 258
16 56 266
20 33 186
51 54 932
3 63 989
43 2 80
41 19 217
38 4 765
22 63 956
58 33 485
20 17 845
9 58 945
21 51 337
40 58 427
24 14 253
27 44 513
33 8 371
29 12 5
36 38 445
61 25 571
38 64 813
58 18 789
13 21 928
64 14 644
53 19 496
59 40 770
22 11 511
19 55 98
46 54 498
5 27 305
34 42 464
5 50 801
52 33 754
9 12 871
11 42 61
44 2 714
37 4 44
5 37 252
53 16 411
40 23 470
37 24 298
16 60 883
2 20 281
10 64 465
47 24 362
46 58 645
27 39 574
35 42 733
19 32 876
61 29 451
40 41 319
55 30 447
23 21 65
48 54 331
40 2 391
20 28 56
50 60 423
38 6 150
43 37 275
9 3 261
58 23 771
56 35 774
20 24 880
59 35 187
23 33 775
44 28 781
41 12 886
52 31 973
55 6 62
61 38 411
25 53 867
17 41 570
27 31 806
43 44 88
23 17 841
29 13 207
47 63 231
40 47 231
54 64 256
49 52 403
35 11 706
34 56 435
17 3 834
56 55 354
23 52 221
36 1 635
19 60 695
62 7 362
22 60 666
8 34 777
63 59 652
58 36 696
56 32 658
36 63 139
18 28 860
41 15 288
54 62 287
37 52 498
55 46 844
52 35 380
17 18 297
2 3 314
59 37 864
56 38 800
41 25 635
33 48 798
33 5 457
2 8 990
52 7 235
35 45 424
12 40 561
12 48 766
55 16 252
12 16 808
36 50 316
42 43 163
20 55 271
43 34 423
30 36 143
52 23 755
15 58 944
39 5 706
41 57 111
48 59 271
27 59 984
16 15 818
45 64 81
