1
512 510 58 432 116
109 126 853
133 345 766
145 380 549
103 459 17
277 34 967
419 305 801
239 392 220
89 20 34
109 209 767
363 83 363
316 68 749
257 362 721
483 348 280
113 362 475
365 459 397
121 133 941
437 177 80
285 181 733
435 263 159
3 61 98
37 21 260
256 325 126
435 445 631
236 162 184
12 379 740
455 284 647
179 294 59
155 226 213
244 163 555
442 137 700
64 29 853
183 388 985
178 102 500
305 405 490
76 293 489
160 256 375
37 212 851
241 23 83
328 433 381
34 444 508
476 70 509
290 394 590
128 475 746
260 206 338
417 314 376
383 226 463
389 225 848
203 329 210
362 330 59
135 152 680
457 193 413
240 393 924
132 396 730
294 439 505
84 250 317
367 100 785
473 67 43
42 341 273
373 453 292
430 60 640
238 65 861
246 73 394
446 32 925
147 314 155
179 63 172
491 445 958
443 338 43
115 217 101
55 115 749
232 260 246
348 313 806
212 141 954
9 464 137
360 180 728
3 362 563
33 326 711
63 35 98
428 129 893
170 23 873
485 208 720
35 14 585
290 488 509
24 501 226
152 244 682
205 349 957
393 1 482
319 287 474
51 191 672
120 222 596
280 408 111
196 204 521
196 383 995
16 10 243
303 245 495
354 67 915
445 395 684
93 366 173
420 504 212
91 379 379
176 170 257
216 295 907
57 322 287
474 57 772
362 3 469
98 379 679
127 18 463
149 287 581
136 374 436
409 360 114
483 119 181
407 180 462
41 169 57
33 284 565
454 28 818
9 299 163
503 356 430
114 355 305
498 309 488
368 234 163
36 220 550
72 228 732
186 478 668
291 444 194
463 194 161
482 229 966
248 452 739
245 352 438
356 218 205
122 429 194
307 483 319
317 46 495
150 342 928
245 255 634
402 69 637
415 321 339
62 279 448
91 141 538
3 237 991
217 228 896
355 435 109
29 343 320
362 476 859
233 159 655
385 106 727
253 336 711
455 66 252
128 185 809
349 350 718
440 238 740
165 483 749
18 172 139
272 32 148
166 245 669
61 495 234
65 379 721
124 474 816
411 431 756
352 253 514
92 455 755
423 393 192
485 323 495
323 357 193
210 329 301
300 478 474
124 126 82
261 176 943
471 156 765
464 235 623
222 422 914
511 370 754
420 452 659
154 440 909
236 234 411
382 130 129
182 158 401
12 7 179
171 279 939
237 432 484
148 241 871
208 118 783
155 182 917
275 34 514
507 86 139
506 107 353
321 134 240
383 72 535
5 26 418
365 376 824
288 395 810
219 138 674
443 334 308
170 422 264
80 335 496
280 412 580
266 355 901
199 221 182
414 166 546
462 302 683
156 86 864
132 423 687
141 363 385
437 411 994
414 230 96
29 408 125
361 180 431
416 371 449
150 292 91
497 366 88
229 54 48
269 235 332
154 182 509
484 418 213
155 223 647
271 432 440
436 94 957
259 450 83
344 96 128
412 390 8
188 447 469
209 212 97
462 282 231
25 288 903
120 359 664
438 469 697
418 321 862
196 29 286
294 390 116
12 50 147
501 296 533
81 116 223
385 367 985
339 89 501
262 72 173
67 464 565
117 275 626
23 394 938
177 479 240
157 454 708
190 300 733
225 199 583
238 214 707
113 294 625
1 54 482
127 221 562
255 335 59
436 492 320
350 400 263
350 465 27
109 57 299
291 427 130
511 9 511
272 223 41
220 143 411
428 432 666
386 351 489
476 1 218
493 112 977
379 386 79
154 364 160
422 263 764
167 292 625
309 322 307
26 123 941
108 78 342
218 143 916
244 221 960
473 99 194
115 306 432
88 278 234
24 214 840
210 376 123
350 488 921
445 198 317
55 342 361
432 122 784
489 464 42
132 449 295
205 373 183
172 235 110
240 341 133
261 307 148
96 361 691
302 188 851
181 174 111
369 386 125
282 102 919
481 151 816
82 64 266
478 85 833
331 184 302
333 360 728
159 279 924
64 251 833
446 293 742
380 426 404
200 287 66
79 266 229
1 206 832
176 511 326
191 200 657
212 238 569
95 44 413
288 129 486
323 281 880
172 282 931
25 349 538
418 277 151
13 68 698
480 286 952
277 187 652
253 385 319
214 310 19
29 283 511
34 5 765
7 38 95
63 201 846
480 318 284
452 230 714
76 401 135
62 347 461
464 332 944
135 447 419
460 35 311
331 108 136
399 96 480
201 310 718
273 319 738
293 328 73
141 276 435
506 25 961
408 490 565
9 77 838
125 366 62
102 341 927
232 489 695
156 441 136
163 472 369
324 509 775
303 45 812
190 428 886
165 92 677
115 104 288
118 305 745
235 155 667
512 67 933
256 87 130
472 331 811
256 329 899
140 222 692
70 272 489
186 63 621
416 241 363
265 40 348
413 481 563
142 448 334
434 89 432
439 121 293
218 50 576
200 383 532
310 69 329
389 61 67
399 105 584
207 223 485
236 300 32
404 461 482
43 29 831
406 122 175
13 103 740
219 8 346
13 9 732
151 276 212
121 226 678
279 322 434
16 87 316
440 240 472
427 22 16
246 413 986
181 299 261
188 14 355
441 342 471
206 188 359
280 243 538
186 157 569
196 287 360
470 138 713
339 431 599
43 177 243
329 400 269
349 86 284
375 13 687
420 469 340
175 434 374
366 144 430
200 492 225
509 305 417
390 65 528
210 271 299
323 8 408
86 449 932
29 266 43
150 76 479
330 81 195
400 194 464
379 354 788
196 368 536
289 60 239
119 438 180
441 151 188
162 374 654
55 373 570
60 51 425
144 385 381
7 81 710
281 123 602
326 481 719
501 278 486
142 331 959
39 247 662
352 482 300
189 326 756
466 469 445
165 431 715
215 326 131
121 415 566
128 220 466
287 138 832
258 118 877
286 209 105
285 452 577
367 226 636
430 235 145
362 321 531
418 4 658
295 267 567
271 320 432
75 279 612
307 12 740
461 334 922
258 347 959
95 133 872
149 378 345
73 509 896
389 450 971
400 498 833
234 28 301
85 141 158
358 363 233
226 107 424
8 221 35
231 445 852
240 221 232
183 404 870
90 392 225
203 463 986
372 121 403
329 96 803
272 469 381
263 415 521
126 310 802
393 275 542
28 112 170
316 293 980
234 504 895
422 448 333
172 162 334
273 39 927
322 26 4
305 122 251
130 250 237
504 34 366
431 503 150
299 86 447
8 144 331
373 27 798
365 109 201
152 428 580
247 104 849
31 389 494
146 220 618
504 24 687
230 478 190
119 44 655
4 170 965
174 411 459
104 450 354
426 326 157
475 310 235
301 417 188
162 67 21
37 404 424
144 211 819
331 285 45
111 24 31
110 211 772
215 358 907
333 489 33
328 237 20
45 346 258
506 165 668
399 142 812
471 489 831
186 135 379
478 482 715
88 301 90
453 280 614
99 143 644
203 347 504
449 63 47
1 153 315
119 138 202
416 413 565
40 162 766
15 443 799
269 201 89
101 479 281
434 230 296
322 284 9
187 350 154
406 103 270
395 18 894
474 469 904
119 43 907
185 444 614
254 422 699
188 41 636
129 459 894
181 324 174
79 194 997
106 227 898
213 410 136
357 394 105
269 487 929
289 502 575
365 142 388
400 376 32
337 294 851
261 363 835
273 238 167
121 130 444
322 163 576
180 289 364
17 316 745
82 265 190
108 175 726
387 437 68
464 146 718
372 384 38
274 174 743
344 227 651
232 98 453
276 190 584
121 22 294
453 90 146
7 409 369
207 116 427
413 379 91
39 201 136
320 207 213
364 373 194
176 470 484
104 402 637
230 12 751
420 195 739
195 230 902
79 280 640
231 275 476
441 150 996
408 382 382
