1
2048 2050 153 581 1398
448 972 915
398 1793 557
989 385 137
1005 1919 624
1305 969 985
823 473 81
1169 1392 548
1514 28 977
642 1422 750
616 1480 590
1555 1199 18
1831 315 702
28 26 845
1506 925 806
518 732 327
273 1297 856
1396 883 192
967 292 566
1938 1426 450
119 546 665
2008 970 442
39 375 772
569 781 931
1895 1617 758
1160 367 965
1951 226 439
417 2025 18
1870 356 347
1524 479 956
109 487 910
307 1291 546
101 590 492
665 654 387
1639 1295 340
1540 1508 125
1122 424 156
1403 336 167
1382 218 435
1723 69 29
1587 222 683
207 1748 194
1443 577 783
224 2033 566
1489 104 251
511 1231 624
1665 993 491
387 1396 560
1916 1482 151
2002 571 532
138 1089 676
1292 1735 741
262 304 633
366 501 121
1281 1466 781
1301 1348 968
984 1438 229
647 1999 903
1497 1285 951
1678 787 78
8 1133 243
1011 1039 169
1609 1278 350
1440 1306 492
721 593 30
1963 1720 212
1271 1431 562
1052 639 335
628 2032 716
901 424 25
699 488 287
1302 1564 221
525 450 390
1579 480 139
334 1981 858
1603 260 20
1784 492 214
1635 1947 647
228 45 123
1299 7 879
937 769 209
1749 53 626
1868 626 254
826 1303 459
685 1112 634
957 363 320
1390 1868 451
421 265 325
511 1352 471
855 344 885
959 680 594
751 626 145
227 1969 367
2043 1356 58
1048 1392 356
1092 520 510
704 678 275
1483 524 192
2044 1003 823
313 1898 507
177 19 878
1383 261 156
915 1557 107
909 1052 159
887 1301 142
1116 1800 678
1452 710 223
1673 62 69
1767 1901 484
1270 985 895
2035 914 734
1961 1260 444
1901 1134 188
817 1134 395
1493 487 843
2023 1737 546
1834 63 122
953 1575 195
1689 1886 315
1922 498 784
729 1919 54
1830 1039 116
1267 971 292
1443 1202 967
582 1209 588
212 221 572
1077 1736 779
1944 121 946
612 989 998
1575 1423 441
1810 18 230
1809 1194 396
25 1902 598
1208 1013 472
1704 358 808
757 192 192
624 1914 523
1596 769 857
1381 1590 659
496 1613 811
876 467 822
1840 1599 925
1648 1957 836
1725 1813 333
223 1693 916
136 1082 93
692 1035 394
397 899 811
1894 616 238
1407 567 510
1931 566 876
1203 442 954
2029 1908 676
117 1356 361
344 978 451
1848 845 737
248 401 687
483 1259 945
2004 1416 975
2039 743 764
815 180 479
797 1325 423
1979 289 694
1349 747 178
1589 1592 269
440 796 538
1693 1747 341
696 451 127
1238 248 825
1795 494 212
1009 703 102
1345 1312 304
781 701 350
1379 1965 969
242 1999 872
999 937 793
1892 1210 152
1862 823 207
153 1443 732
613 1523 690
1588 232 57
501 476 862
1181 1266 495
147 738 272
330 1429 343
242 202 821
1095 1860 288
1377 505 612
968 1758 498
227 1411 242
732 1696 962
1976 827 262
1886 1341 896
1623 944 786
1996 709 801
768 1951 757
197 897 591
1331 751 716
957 1781 347
1202 934 38
914 388 679
922 462 755
1389 631 389
1722 162 335
845 110 998
1409 718 421
1342 708 309
1395 1226 216
1744 1895 756
1123 1518 858
902 210 255
404 1688 826
448 276 553
1948 1546 445
1541 708 251
632 1859 552
179 333 623
1192 270 438
716 623 382
1528 1669 122
1537 737 160
775 395 441
1167 716 318
1959 28 128
805 1957 62
403 935 923
472 214 630
50 1717 505
68 464 430
693 411 352
342 246 282
388 1326 899
1118 246 909
684 1422 678
804 1163 535
1347 1290 248
776 1152 612
1649 245 240
248 166 206
700 161 428
307 80 974
1545 1393 332
471 445 129
1670 1487 905
1342 1834 967
1351 1875 120
370 1710 384
467 402 786
1940 1580 84
766 642 233
425 972 259
1331 579 617
127 2021 792
1391 238 416
617 1563 936
111 604 660
446 932 952
1613 1854 653
917 1795 384
690 1392 881
1115 1777 631
939 1153 62
1527 1552 743
1917 161 419
290 1254 140
1259 266 890
1863 664 50
1337 1810 131
1793 933 905
4 1416 43
1633 1956 418
389 1489 225
1051 1315 971
246 1727 148
1690 1612 65
286 1763 616
1595 374 80
808 907 180
1261 1412 713
1361 193 451
1696 494 190
858 1676 455
571 1929 609
940 129 173
13 802 954
1363 1587 433
592 1337 54
1579 964 494
1115 796 843
1878 1318 719
1884 995 540
1571 214 976
1378 1453 787
1550 416 471
7 868 835
1764 938 976
474 1706 328
951 1668 275
1723 1218 524
1743 1417 503
681 1907 650
1313 1881 254
791 1342 327
1073 1495 925
1387 1124 61
890 787 446
2012 955 715
1493 1694 860
1479 50 74
2009 810 647
152 2017 254
907 423 406
893 489 783
791 263 27
1412 1172 743
70 1082 108
1042 1 332
1514 1579 23
1563 831 335
719 1995 89
1516 1682 272
1061 1588 352
2037 1123 685
41 454 55
1732 1594 678
1959 52 738
746 383 757
1600 452 604
2018 1836 189
144 1702 332
44 1851 87
70 624 375
1270 2023 457
1756 644 606
1689 684 42
479 422 472
1834 630 343
767 1031 855
1976 427 613
1072 190 658
956 583 732
1839 1118 965
1070 2036 410
1261 688 996
276 1714 546
841 1127 542
1793 1458 894
1195 1428 903
460 473 681
1335 121 305
1673 760 270
1090 458 565
111 4 154
1424 74 143
1010 200 564
1459 285 666
455 1261 589
1962 870 529
1854 1238 415
967 918 926
1054 905 213
1005 776 422
925 152 544
804 778 662
1936 222 765
617 841 582
441 1541 571
1175 765 267
687 1498 599
471 1676 426
1335 640 76
534 1990 303
1928 1705 964
1858 743 252
1273 1744 543
1829 10 346
1404 427 685
1102 1512 339
804 262 50
1340 1681 10
881 1117 184
168 516 556
1725 1625 698
1073 142 245
1045 1061 299
206 290 652
1506 1565 566
1330 1697 68
1089 999 378
129 386 112
1030 415 374
76 1711 356
1911 107 957
303 1857 524
1517 474 174
254 736 544
453 1716 236
261 1557 709
1199 159 247
1069 1863 737
1508 1912 545
835 347 521
1127 639 221
1045 385 462
1941 139 220
1248 1972 292
2038 475 200
1545 1363 165
1283 1976 578
118 1994 442
255 1923 463
1257 80 112
1625 25 723
1454 45 481
1731 371 832
1911 1616 564
1426 1031 711
921 1561 898
1741 1398 547
414 686 227
119 819 964
1444 1126 850
1265 1848 752
718 1112 473
1040 710 262
953 1786 144
1631 46 484
1894 1956 90
1733 81 321
511 1339 336
1115 669 505
708 2009 257
908 785 547
441 333 476
476 1806 858
2026 985 141
1748 1198 267
210 797 749
1763 1275 24
1682 302 727
234 2008 264
1061 428 696
1084 1362 391
467 98 918
1218 318 378
2006 215 164
1509 1492 746
675 654 233
761 1114 585
153 968 364
448 1714 530
1462 225 603
1566 796 358
268 1286 365
1478 1070 304
1609 1499 750
488 1843 684
1713 689 667
1332 448 634
112 132 676
1960 1273 498
928 343 886
1315 751 355
278 952 560
1573 1477 639
1564 901 403
939 693 778
1289 1806 434
578 689 986
1337 539 473
1062 481 831
1974 669 987
1011 262 690
1066 311 167
1310 1739 321
553 166 433
909 70 279
1808 298 688
1793 867 36
1149 1362 885
237 1330 580
1980 130 201
1744 318 134
1353 484 205
650 1045 508
503 1688 489
259 727 363
515 558 803
39 591 193
750 1967 278
2040 58 304
1972 1397 96
1680 1068 779
1697 392 567
30 1721 691
1940 1653 814
756 1637 451
1452 919 40
4 913 33
2007 651 86
1987 1713 398
276 245 667
315 1974 212
537 1974 576
1838 1901 955
854 1079 964
1418 1788 763
1483 144 72
1434 669 430
854 275 679
1836 1095 197
1048 1038 524
568 371 233
1684 916 431
1031 1702 321
1705 1815 187
569 1448 666
964 1409 641
1141 545 761
346 580 62
765 883 955
169 1541 933
1657 1175 935
1345 2018 541
509 269 484
1868 1691 173
97 854 524
1371 1640 751
1634 595 687
1654 248 476
97 282 325
861 956 608
1890 73 473
28 1194 407
1120 1387 49
1308 1374 147
868 1087 658
746 1290 720
2048 1648 135
1721 1412 85
754 1810 857
358 917 534
2035 1555 680
438 825 690
538 1932 254
2017 1763 898
1038 762 667
539 333 673
495 666 144
974 694 501
1176 1057 169
1178 1602 358
1337 550 25
1283 1677 88
1303 1370 878
1252 490 76
1105 1795 921
654 479 938
550 1779 195
1804 1408 702
722 1017 324
435 671 98
1460 1831 706
1421 1102 448
1328 1408 617
1815 419 36
1564 362 467
281 1600 547
479 1462 150
1244 879 619
1546 252 117
1068 1999 887
1326 1931 238
1684 1776 6
1790 113 704
773 1012 457
766 1226 520
1296 677 410
1627 676 724
577 1292 51
142 1732 539
380 1171 205
493 1574 768
943 1566 859
410 415 271
1441 1010 58
1050 1978 944
909 1090 33
324 452 326
1515 715 657
911 923 210
1772 161 756
904 757 849
89 605 210
1839 606 815
162 186 56
1958 355 122
496 586 862
1147 812 780
954 472 980
1520 1671 877
1569 1148 641
1540 1663 919
1430 1853 228
1682 1022 228
296 934 972
1962 214 273
312 1967 344
923 387 899
1843 1397 111
1418 1776 366
479 1580 210
1334 705 795
464 1709 655
615 212 162
1593 1224 397
92 1068 303
1624 1516 958
745 792 328
1928 1212 578
1653 1573 736
800 577 185
174 114 480
615 508 673
1714 561 209
1902 1028 481
26 1733 552
1113 480 215
1836 1453 532
1028 594 451
1680 137 609
2011 224 442
102 1891 647
538 1684 181
204 17 582
787 1379 774
1600 1187 302
817 691 590
200 44 520
586 1856 578
1973 1226 581
1842 1594 97
812 1936 734
964 202 42
807 529 380
1442 433 971
1695 1512 644
651 1600 723
435 187 805
487 481 351
135 1582 735
2022 188 361
1614 101 576
258 59 481
841 1089 837
1010 1500 86
408 1185 892
1757 220 600
1084 218 381
1880 1198 69
748 751 227
920 413 15
265 280 144
266 1259 224
1325 350 915
758 1211 277
1052 1730 303
1255 1822 773
1740 1701 11
12 538 412
2008 1867 951
1816 2026 982
1590 1335 795
1402 895 280
11 856 688
1427 618 449
1463 1244 475
201 680 732
1713 476 586
590 1203 500
1304 1864 489
552 222 764
352 1214 822
1578 1837 847
1887 917 305
1031 848 753
205 947 380
1163 785 109
1868 1662 946
1869 631 229
1952 234 248
630 1666 633
332 386 440
353 727 218
1801 250 735
987 851 709
1895 1219 229
1785 1310 924
1128 10 629
577 1022 610
512 891 332
1577 1015 71
1434 1145 242
533 1555 107
1712 1285 222
1411 1200 44
1056 1289 938
179 491 824
2000 494 261
660 723 750
1415 1687 857
844 1894 886
1598 2018 41
208 774 529
867 550 266
1288 1398 595
313 596 560
246 1526 28
1043 556 887
664 1691 926
1600 1977 943
1012 1338 275
1860 1113 431
1118 437 941
1214 670 633
1006 1053 678
1291 567 998
2000 295 866
1720 980 258
1564 647 755
1130 420 438
1233 46 974
1271 944 335
1930 754 643
1792 630 478
1338 1410 169
1877 915 562
408 1408 48
408 900 297
1532 791 705
784 912 985
1357 971 495
670 2045 548
605 1601 747
1603 369 704
1446 240 428
1028 1301 362
2015 614 93
1741 1232 636
172 94 480
559 1932 517
1312 85 249
1974 1722 7
1546 2012 620
806 309 831
1328 1322 890
968 1674 53
1585 1076 670
1309 897 544
390 2026 700
571 1810 79
1747 1000 609
1011 1580 500
1613 528 457
292 1689 11
1299 2041 41
50 135 442
834 1791 515
244 505 976
420 1494 109
314 258 999
1572 706 738
1318 678 286
1321 335 27
1870 787 868
1714 1712 957
1285 489 144
1839 966 154
548 441 540
246 1153 470
405 993 86
408 91 860
266 2047 529
316 1179 458
1651 596 554
1801 525 719
873 1734 860
1514 637 157
11 1168 707
1699 260 285
21 164 655
1310 354 682
642 1008 27
1629 543 321
618 400 77
1184 1525 83
795 1860 512
454 1270 450
802 1778 147
1764 1658 393
96 689 486
957 1594 163
785 505 592
975 1098 328
482 1550 729
1929 530 181
1028 422 730
1792 1182 327
1175 798 37
1171 746 69
1572 1020 593
80 199 211
1979 1251 866
1001 1071 228
1403 1214 599
2003 252 641
1852 1739 444
1810 1684 351
1526 1187 866
1425 947 543
351 1164 476
184 303 240
84 197 289
888 770 239
44 1542 117
213 621 669
407 1645 639
488 623 948
1894 1233 252
968 959 1
1333 1088 380
277 827 639
1353 1448 922
2 159 224
519 1551 862
1725 559 266
1924 1511 648
1387 1311 553
1532 1905 926
1826 1384 97
322 1491 684
1587 804 119
1496 599 882
1633 2013 565
1974 92 911
1473 1940 154
1567 1787 521
1604 97 699
1224 2045 419
1790 1876 810
145 270 748
1238 1989 378
1458 1707 616
1700 487 665
917 913 339
1413 288 868
612 1531 193
1267 295 718
2019 1094 605
639 1027 914
705 615 233
538 1825 575
859 1628 610
1901 1047 741
285 1470 142
735 319 372
1169 1023 857
1459 34 801
1015 357 773
1024 1810 699
1026 9 943
99 1436 257
997 377 306
1396 1319 2
1562 1454 696
966 848 566
1366 1263 44
387 1077 279
1163 506 105
343 1113 972
1068 1659 868
194 2043 690
992 991 774
1183 1173 255
1552 135 752
1562 335 494
511 1107 933
1929 500 293
1299 120 318
736 192 321
150 541 746
1924 1996 738
721 663 143
481 1130 636
761 1598 177
1408 87 626
647 1688 871
719 561 109
1297 761 1000
936 795 167
849 635 253
551 1132 914
978 1801 336
380 1751 377
1206 1336 643
1823 1900 704
1496 1742 627
1874 1241 94
515 1226 792
1566 1425 16
1174 1958 512
1027 2004 386
1180 190 233
1424 175 738
48 1827 840
530 2009 848
497 1509 898
1237 1176 583
481 172 339
1625 934 464
820 1350 686
237 397 181
914 686 599
1140 939 274
1065 625 283
59 971 532
311 2036 585
56 1554 125
2014 789 275
1776 957 825
71 1241 590
396 1263 420
1986 866 638
895 524 20
1102 1575 44
1885 2047 559
1080 1922 471
344 1488 947
575 1659 285
252 1377 877
234 898 583
2006 27 83
446 1602 898
2 2018 887
1048 1183 816
1580 916 624
1712 1244 482
176 80 452
823 937 258
828 969 488
1459 232 968
275 683 581
597 1318 657
1525 495 88
870 1684 495
78 1399 363
1950 1628 511
748 276 725
1106 550 10
1623 179 17
1927 1099 599
1903 1942 460
634 636 270
1079 102 523
665 1531 639
1301 1067 31
1467 1774 59
402 2027 876
1795 697 471
361 2033 645
1773 545 496
1468 1475 36
1160 1877 764
1631 1190 578
994 56 956
1915 470 144
1319 1395 546
1782 983 50
1371 1192 470
1918 2000 105
192 2021 327
747 904 781
838 531 626
829 873 916
1116 339 981
1872 1184 983
184 1427 876
644 1912 696
934 37 798
356 371 867
1941 1718 152
1167 1278 453
517 543 623
837 1619 411
1671 484 422
1995 1002 805
205 1684 767
842 923 68
934 161 383
2034 1719 351
1770 2041 211
1228 1143 505
268 1245 77
349 498 601
747 1663 254
1764 1753 636
1770 1057 815
299 551 296
1601 1104 87
217 820 596
599 1180 226
1871 1783 66
1451 1693 302
1051 9 766
1373 571 205
179 1130 652
182 189 448
1222 368 273
1309 361 641
484 1791 873
279 186 655
1191 635 524
1289 1210 941
925 894 173
977 314 819
1102 1988 117
1698 1886 211
1728 1574 312
1448 1131 209
1765 1340 746
728 1758 231
452 1970 244
69 211 305
1294 1739 960
1986 2030 636
246 1133 236
1989 1583 721
858 1570 285
1773 1557 977
1203 1225 551
1174 1284 682
880 1285 734
1453 1845 872
1389 443 626
1954 538 132
1438 1477 406
1740 1746 516
197 1634 667
563 1102 368
1402 780 618
726 469 81
534 1214 687
450 995 840
896 1491 344
1609 353 359
988 442 623
1437 528 962
1083 846 180
612 1359 52
1727 1876 964
1112 2048 933
2039 1255 739
1578 273 239
54 1493 106
1980 20 522
1680 1212 184
1492 2018 15
1571 486 111
831 1424 604
1318 1679 39
1025 154 131
675 211 681
231 78 597
1910 138 515
126 1960 877
1914 582 940
250 1177 923
1123 795 944
1498 12 515
1334 1483 931
495 129 852
599 2019 736
126 468 313
674 1042 751
1506 1714 733
120 196 911
952 1577 787
470 955 901
74 1387 428
1861 2009 804
203 294 939
422 1679 731
606 295 461
1537 900 498
1881 1114 109
333 76 203
1513 503 193
1976 1735 831
345 2035 9
317 1046 51
762 649 342
1527 2034 805
671 385 918
1136 441 163
1168 593 331
240 1044 17
594 10 989
303 295 712
917 212 345
203 1462 532
303 1525 74
564 179 447
1812 710 912
685 1768 829
542 969 184
657 821 24
1210 309 27
1134 732 201
811 1283 101
1145 1047 868
768 838 130
980 1550 416
2016 2004 536
829 962 949
31 44 381
968 1071 724
1827 249 325
73 1244 587
261 844 95
1799 1527 150
916 953 508
551 1111 577
1506 1071 748
665 1988 891
1155 1272 554
1363 7 570
1149 1918 696
1556 1395 619
1348 1530 111
556 1889 774
596 1401 147
1537 1409 793
1408 795 310
278 910 183
64 1650 782
1481 718 418
1208 824 684
1100 411 571
1731 834 925
1433 609 517
126 772 618
1062 507 813
429 1134 293
902 2005 44
607 54 820
911 1411 163
1886 1994 659
725 1066 568
819 753 532
783 1907 256
285 982 122
574 705 915
1895 457 558
316 958 514
1704 1741 742
1956 597 102
509 911 812
685 1993 93
1753 34 493
830 971 87
295 1799 839
113 1137 613
1752 1079 766
958 444 533
881 1727 411
283 1287 870
968 86 651
499 916 346
1767 1614 360
2013 1887 697
1469 683 761
1159 801 356
1262 433 353
957 563 158
1710 1573 199
671 1236 513
133 208 617
488 378 194
678 197 306
1650 259 891
242 525 390
1120 1760 387
2019 330 103
1656 326 79
133 775 422
2018 1624 847
1964 1052 295
1225 1903 166
1686 596 954
233 626 176
1875 1074 811
1972 871 362
1426 1797 595
1698 2035 159
225 1492 625
1380 1815 203
282 1053 755
1341 131 974
1232 1901 63
697 1941 756
1592 913 122
1841 456 515
1280 59 164
881 731 573
359 347 405
1106 835 681
1380 417 129
145 1105 936
287 1329 453
1066 233 851
1129 1923 804
327 723 70
78 953 170
1835 783 520
1582 262 803
1094 743 633
323 1520 766
1325 905 790
982 109 296
1401 1664 429
1033 81 98
1255 1838 643
449 1761 488
54 1001 811
1412 224 824
617 1524 692
1957 763 506
1132 1926 339
1223 1617 359
383 1006 53
128 666 432
1480 1058 113
1846 1291 460
617 681 43
806 1062 938
1104 804 347
443 1584 526
63 516 694
2004 234 66
271 1520 615
1039 1007 338
1933 139 780
634 430 777
1174 1455 498
1337 1297 875
706 129 258
1124 1968 127
729 722 983
1662 1407 101
1928 1300 771
1402 1157 781
1886 1319 996
1309 1358 83
1141 1845 434
939 1356 884
37 1233 477
1618 1056 351
1955 1598 524
1243 1204 203
1655 1751 119
374 684 705
529 1130 321
168 575 74
1065 1739 916
1747 209 815
1155 1772 428
1173 84 548
1980 403 698
1514 882 665
843 1325 347
1482 1778 333
1024 1180 188
709 919 363
1809 795 870
304 845 872
609 1040 98
820 534 582
250 1381 902
1836 1681 344
1877 325 82
296 1230 7
1130 1816 675
202 22 910
116 615 699
1229 1555 619
900 965 605
512 1840 758
796 837 131
1848 303 756
1031 1919 68
1233 1571 927
1658 1173 368
1176 1273 56
583 545 620
602 919 302
1377 200 229
838 841 953
977 1661 186
65 1133 664
1349 620 263
639 1825 666
2038 856 210
1871 1802 695
759 1186 980
1639 1024 602
992 1987 741
1877 1116 796
1362 623 539
642 1431 982
1906 255 658
640 1088 773
1214 967 395
231 713 966
871 1979 167
1481 33 816
187 1360 215
1456 52 841
399 1413 507
61 1949 432
1964 1624 4
1006 769 737
1541 1222 45
353 1665 335
626 342 710
629 1525 239
1344 1122 424
1311 1606 136
485 1434 423
434 521 245
86 1575 667
440 1894 139
1574 132 132
218 71 376
1228 355 505
1447 1397 235
1 1001 273
1703 1249 81
303 1095 570
1372 343 764
824 272 727
161 1882 877
2014 1103 991
817 836 729
368 1325 377
934 4 880
890 442 711
259 2024 191
885 1441 153
470 380 19
515 844 349
1303 1080 966
1241 1475 158
1866 48 150
1228 1709 61
516 695 278
520 1344 775
880 1616 119
1682 2001 943
494 1505 262
1607 760 621
1906 476 752
1902 1975 301
698 1389 424
24 1691 532
2039 1299 902
421 181 54
1704 1658 285
932 737 955
1444 1919 695
1281 782 583
321 430 340
1110 519 155
1361 121 107
168 111 864
1969 1839 909
59 771 783
1297 1339 841
2041 1270 321
1821 300 829
1541 1544 124
695 535 785
1520 762 252
507 1915 102
2008 1786 516
1964 1706 421
1232 236 813
1077 1954 334
447 996 490
1727 1922 86
1902 1486 595
1730 297 904
1580 137 474
449 1532 264
1456 405 821
593 1557 256
772 1980 766
1501 254 356
790 1009 599
1760 1839 482
1520 1366 321
1806 228 554
1205 495 582
1216 961 566
159 947 422
1703 1523 915
1974 845 629
107 1442 165
1810 1527 241
982 1192 919
1841 1383 618
827 1772 585
450 524 785
836 1312 658
1561 1275 169
302 437 873
349 632 362
1191 1717 801
213 618 473
918 212 300
1245 1299 63
1651 780 798
417 1206 814
476 601 38
895 1478 217
407 1459 354
428 463 104
182 1060 172
548 660 309
1683 145 597
1573 811 291
1097 1797 314
1075 1287 850
1060 17 789
1080 607 984
1174 840 797
240 996 897
752 349 817
998 1711 488
955 66 333
833 199 142
582 1725 93
1928 250 464
489 1488 438
735 250 631
44 1841 760
1684 1936 978
1628 1453 311
1354 1062 608
990 1335 349
2017 967 652
1416 1378 971
1723 1553 938
1161 334 770
1741 373 197
616 1847 571
440 1369 347
487 1628 696
51 1246 55
1766 1076 711
1111 636 159
942 822 464
368 377 232
764 484 59
1967 1479 804
817 578 580
1396 1077 510
1584 1093 189
646 1433 977
35 1462 560
810 364 754
1376 1309 332
1945 1653 153
1324 1577 921
40 1551 562
1538 1350 543
444 1227 275
608 1695 438
1188 114 419
1811 482 377
1019 67 275
992 224 369
131 905 423
1407 847 830
1935 682 302
721 1615 392
138 1166 707
361 1668 569
1976 480 178
1758 885 203
976 1720 618
1440 504 460
1776 703 704
243 304 529
710 1150 997
834 443 838
1196 1401 997
1140 1884 234
2033 638 483
1890 793 583
1677 142 14
45 305 56
980 672 83
1254 869 871
1922 327 773
1690 1451 372
690 440 389
166 258 805
1403 202 224
2013 1559 318
37 940 463
839 1395 157
1338 360 412
1887 1837 557
215 2004 762
991 1465 701
399 1958 39
732 1750 765
258 1014 129
1984 1347 867
1930 1829 619
369 211 88
1380 176 371
1271 937 730
1197 46 819
1823 1607 138
380 361 29
942 1368 82
949 810 834
784 1085 387
717 1283 67
2014 1675 213
360 181 855
1996 353 223
1500 574 493
588 503 314
1467 1551 271
1026 1194 457
1439 1065 709
1644 355 304
853 5 339
1654 1895 18
1030 280 261
429 1390 982
977 1301 4
1165 320 520
84 493 308
758 1279 234
1644 492 959
92 1754 10
1866 1880 833
1923 1465 877
1676 1786 867
1074 464 928
380 1011 473
712 2020 264
291 1694 48
1096 727 639
754 1048 152
1688 1300 786
1656 660 901
707 1415 124
1213 985 862
751 1199 594
715 596 321
446 167 282
538 845 983
1928 1282 521
1853 41 225
67 1131 730
2015 964 596
107 1864 224
1470 1029 786
1048 1657 270
223 1452 228
898 972 802
279 290 396
2026 405 150
1710 1356 783
837 275 893
365 1568 934
1736 1668 170
669 300 187
518 621 153
83 330 708
160 742 461
460 955 342
218 1934 507
1350 136 604
857 1326 282
1849 147 291
1575 709 79
1707 1438 173
33 1774 923
114 1095 728
1247 257 995
1172 1080 980
925 141 508
1645 1977 527
1366 1807 526
431 669 150
889 892 595
517 1584 967
1541 1679 550
704 1573 568
780 1868 186
1647 279 749
1144 132 782
389 246 675
1415 1571 587
1496 155 108
805 1949 37
575 1183 662
1392 407 926
2033 102 729
916 1796 116
1737 844 492
783 1773 457
1860 257 679
47 1340 751
1052 783 533
1155 1036 532
867 766 1000
1394 843 872
840 584 741
155 904 305
1046 1185 202
850 1265 740
841 1453 684
1060 197 964
2029 963 111
678 1373 149
1700 1902 61
824 91 305
1655 345 371
1153 369 178
388 973 309
268 224 772
1454 833 507
1870 1788 186
955 1204 77
160 693 300
1013 638 930
1365 1286 262
1973 1849 933
1439 1203 297
654 426 296
1866 340 729
1535 729 856
809 1131 731
1055 7 370
386 578 766
1226 774 40
1921 423 766
1299 1344 425
1593 1440 263
1579 2011 341
856 480 995
751 1211 588
201 1396 441
1792 602 959
1184 1226 230
101 927 514
1743 1791 729
376 627 623
217 240 15
899 1450 858
1220 86 682
251 889 837
1213 1002 518
1107 317 391
1405 1330 89
598 859 187
717 1309 146
1095 1164 648
1807 1180 640
1269 764 267
100 503 525
442 1893 20
1307 437 158
1480 1687 730
756 1853 90
1447 1826 762
1551 1451 916
12 1406 431
1237 1057 226
2046 742 157
266 673 664
985 1813 534
660 1058 148
126 571 724
665 1421 400
710 524 523
1164 1973 554
1826 1634 917
752 106 338
908 458 288
129 1811 263
285 49 868
1843 270 897
1649 770 586
784 1790 616
879 859 769
735 713 665
1505 1063 164
515 777 749
235 833 517
1585 12 458
884 913 306
1954 1318 360
1407 152 42
1084 1551 93
1927 1941 839
961 179 939
1344 772 503
1703 1808 298
1487 1914 707
430 1438 430
1937 142 237
1434 1519 314
1143 648 454
686 79 695
597 579 468
1499 792 264
1464 1768 830
1698 924 853
1580 1612 944
490 222 118
753 1884 677
950 1286 715
158 910 905
187 2025 530
1837 1624 454
817 433 505
349 1830 671
1451 909 531
1931 1852 23
2009 1626 577
1218 774 593
1419 621 267
527 2001 636
2006 745 616
1580 144 90
1267 573 27
558 82 401
1524 645 624
630 1532 622
624 854 488
1418 1832 914
1019 1784 158
761 1781 428
1252 1548 657
1534 94 364
1846 27 547
1835 1880 603
609 1692 204
761 393 341
1701 978 334
1954 774 96
638 1571 1
326 682 711
1388 692 602
1707 638 824
1168 160 231
1575 1874 568
209 1561 633
1952 1109 662
1227 1712 770
1923 495 558
352 869 11
85 427 205
1285 1643 573
1883 944 824
283 457 821
390 1396 601
1735 5 786
1869 55 726
2002 17 766
1442 307 523
129 876 420
1030 1982 420
258 758 929
911 2000 226
1064 627 254
1408 686 180
278 760 311
748 521 973
397 678 602
488 1874 205
1700 1649 669
1978 766 538
1697 1133 601
491 1493 889
1253 1492 378
1197 466 825
975 1143 247
1328 1499 909
651 1439 860
132 1277 862
1190 1385 437
1634 1582 634
1237 680 648
668 658 345
651 1566 306
820 1362 671
1008 951 834
1064 457 613
2001 297 946
1512 691 762
518 1298 377
330 899 983
110 1635 543
1469 911 553
520 1159 852
2016 1636 330
1890 1445 262
620 1350 85
1445 1527 907
1521 902 566
1494 1154 894
1802 645 58
423 1424 894
1037 1007 682
179 1762 633
1438 919 50
466 25 268
498 772 44
1516 10 67
405 257 261
275 1474 922
114 432 920
2027 1586 24
1231 571 114
879 615 527
605 184 369
1629 1745 99
155 683 464
1060 448 547
986 113 296
1975 4 253
638 1513 721
1439 855 845
1468 1166 215
1200 1044 917
769 1043 532
895 1083 49
1676 478 107
1497 1349 684
1952 753 244
904 1852 195
1303 1251 696
496 953 163
512 1750 673
29 125 665
1713 1878 741
1852 78 524
397 205 561
1762 1949 92
1874 1255 590
128 1920 307
422 586 19
2023 475 442
533 1611 747
965 1803 938
825 727 189
947 642 296
170 1730 746
1697 73 912
1981 1920 878
1993 914 543
773 89 95
1095 241 965
1922 336 465
684 861 140
94 25 634
1062 786 630
537 1969 996
100 1908 36
279 1068 949
185 1495 21
944 1822 155
108 1428 667
1489 135 930
415 995 797
1751 719 829
450 1750 804
1192 972 250
648 1474 207
1120 1009 351
343 598 3
285 830 507
1265 1593 548
262 1498 24
1946 2011 584
274 1159 360
2004 1184 736
1193 838 728
703 2018 644
1445 1046 931
377 901 11
558 1966 502
348 499 511
940 113 254
476 1220 454
850 503 361
887 518 844
1004 886 844
1374 1974 142
881 1608 38
1750 657 528
748 1036 584
661 186 700
1291 1652 806
336 1355 183
455 579 902
1092 787 745
788 19 416
747 994 450
1795 1402 93
107 345 1
1997 1777 607
1277 365 938
1876 753 288
710 135 673
1743 184 829
1324 1858 491
1134 223 39
1836 1768 200
1032 1168 361
1148 1056 833
356 246 467
253 1798 353
1064 1101 857
1422 411 243
2031 1857 84
328 551 44
581 426 13
1089 1047 181
1278 1534 529
1947 384 500
522 474 821
741 392 458
294 1279 899
442 2026 274
1223 1141 651
384 1274 995
647 72 652
720 12 865
285 110 775
1925 1677 189
1827 1475 724
353 1450 66
1828 1598 247
81 803 265
31 99 388
622 353 799
2044 1005 615
994 1305 367
2038 543 217
1381 1341 334
1126 1463 526
185 1868 634
1879 1975 41
1681 1696 779
1326 1685 950
401 1180 863
1283 1432 617
1079 922 59
1441 853 256
772 81 447
689 418 991
2029 876 219
90 1468 405
431 949 210
1378 1890 921
1519 225 37
382 956 582
1108 2039 123
1509 338 326
1003 1876 568
153 592 598
1854 1434 255
628 1739 781
315 1444 443
87 706 159
743 1030 928
932 1136 258
139 315 301
808 455 160
1787 1534 271
466 1551 944
1292 630 963
539 299 663
1587 1866 594
885 1135 964
897 910 141
311 417 198
1872 1475 880
1401 1185 86
1026 1449 130
2020 396 606
1848 706 950
1136 1795 616
1900 162 627
856 1448 277
1147 1021 30
726 907 240
46 734 904
438 1263 693
444 1897 64
1168 40 424
1585 1863 527
1842 1313 74
1232 754 533
2006 1035 155
1160 73 926
1501 347 946
1846 133 595
1541 336 488
1173 1270 433
1805 29 213
1474 982 998
277 1508 288
1666 577 960
1068 555 986
451 271 294
91 1635 13
957 1428 245
1558 292 878
596 426 475
1754 1248 167
785 846 974
558 935 474
142 958 558
1272 138 87
184 1011 147
1227 1773 122
375 388 892
88 5 88
877 1374 492
1497 767 379
1358 1427 458
731 97 376
854 1051 44
1373 139 149
1751 1405 531
86 1249 810
1547 166 466
848 1662 150
1000 1993 816
699 1863 352
1937 1079 794
1841 1828 423
599 786 147
598 233 237
984 1847 228
244 1453 560
1984 1890 545
1773 1640 156
1485 413 293
230 599 321
704 1202 348
860 805 297
1132 340 884
307 2048 58
1054 219 622
313 1773 545
1831 706 395
832 63 580
849 843 517
69 1856 898
3 1732 606
1040 772 944
2026 228 986
480 824 332
1187 2036 607
1885 2024 186
798 1761 417
714 89 735
1189 1362 804
1541 217 573
1822 631 631
488 1167 638
622 896 401
160 1698 447
522 1190 931
1121 1153 228
1219 1197 21
195 1245 266
1207 328 353
969 411 594
1969 1524 382
165 881 125
1003 1119 852
1604 106 990
429 63 399
742 429 170
890 5 976
1190 822 602
943 1046 340
889 1182 945
1513 327 584
1324 1469 338
373 1477 983
1330 265 203
1640 449 186
941 128 396
131 710 515
1663 788 250
772 652 217
1852 686 462
1131 545 611
1360 1864 156
1779 7 194
1499 1327 745
1720 1969 605
1173 649 599
510 1138 505
60 184 829
1643 1987 924
2017 897 236
471 1823 408
1587 1406 760
1589 946 445
1206 608 439
1311 933 741
745 338 474
1961 1835 993
184 439 100
61 1 365
507 664 696
1536 483 73
1265 400 34
1983 1093 245
339 201 653
1544 593 558
1825 1335 638
560 403 576
1122 1407 10
141 1126 921
2035 1910 398
694 1423 596
1061 26 327
174 669 548
1606 1082 962
1180 1440 249
240 1982 37
908 448 518
1942 1220 76
102 518 196
1340 1110 287
1462 686 877
721 541 474
974 325 306
445 1198 826
522 806 481
1439 672 652
749 318 150
852 1349 480
543 1421 706
894 1923 651
1318 1573 95
933 796 891
1988 1375 274
1302 1102 528
1300 513 111
507 1824 865
1497 787 492
41 1770 252
1294 830 282
1292 931 81
969 390 131
1247 971 596
1130 147 65
1780 628 112
50 467 505
2004 1398 335
378 386 156
1014 1898 471
75 179 249
982 1917 356
1156 1100 419
1532 135 249
1502 1813 51
523 810 341
1861 715 54
898 1035 905
1681 932 441
236 1629 490
1853 985 96
83 706 237
386 1944 884
1057 1896 870
1931 492 866
1872 1885 369
