1
128 127 61 9 66
37 121 79
10 46 353
32 9 941
59 72 784
119 3 852
46 117 725
19 108 822
51 105 471
111 119 969
19 23 775
2 51 861
22 14 275
61 46 614
69 62 247
10 104 335
32 61 832
16 4 120
62 1 756
93 96 847
1 7 428
59 50 446
6 64 972
14 82 77
116 44 344
36 7 625
64 44 462
109 54 319
8 76 197
16 80 629
45 65 153
105 49 662
52 88 492
37 114 170
114 95 478
1 47 724
93 63 804
21 92 226
22 8 461
108 5 204
83 51 228
57 67 738
18 113 349
21 111 923
82 2 364
125 83 122
71 121 356
56 125 775
106 23 990
6 81 742
10 20 693
39 124 732
11 107 856
124 99 755
1 90 9
76 99 710
108 114 193
27 8 441
64 29 1
18 95 854
60 21 544
33 5 568
114 11 756
88 108 593
88 73 383
107 104 521
88 30 36
41 126 527
91 97 27
47 123 650
75 13 393
116 19 911
65 40 935
22 3 687
109 36 514
38 120 417
66 120 545
31 113 764
77 89 802
74 19 209
86 122 623
67 115 891
105 20 979
100 65 738
34 33 154
59 79 717
52 120 134
121 62 871
71 9 520
20 37 32
19 28 464
101 93 151
82 57 399
111 107 318
40 117 914
118 99 237
101 99 47
122 80 460
102 53 642
56 79 408
100 60 214
34 2 637
9 50 292
65 34 520
15 16 733
1 123 527
47 109 704
24 27 498
100 112 211
4 37 961
84 48 67
104 12 330
109 44 533
116 3 619
5 79 777
48 79 280
44 50 642
19 121 259
65 51 385
60 126 907
76 8 926
77 55 801
23 113 731
33 87 938
84 50 366
102 21 690
68 79 300
69 58 874
123 78 133
13 24 998
82 125 523
1 84 110
64 108 987
98 34 403
100 85 694
52 67 374
94 49 834
34 18 580
86 19 493
61 15 771
26 1 850
20 90 389
105 5 253
36 32 171
120 117 71
113 37 558
7 122 816
83 125 856
42 5 577
70 8 644
64 121 175
31 79 509
58 75 156
71 24 830
28 15 877
100 28 978
128 95 558
50 49 265
12 52 578
103 38 33
2 9 163
10 31 753
8 60 132
1 71 771
19 74 413
94 45 281
4 66 170
98 71 199
48 72 355
99 61 293
61 115 299
124 6 618
122 73 227
53 54 263
88 2 345
110 5 337
96 32 163
124 49 334
39 66 799
98 56 359
32 11 826
60 36 233
111 40 713
61 81 178
26 52 148
79 105 479
62 111 11
8 47 293
40 90 42
